1609 7 6
1531 0 7
745 8 4
1180 1 0
1951 7 1
1953 3 3
997 7 6
1614 4 2
1354 2 6
373 9 6
147 9 0
1677 6 9
443 2 10
702 0 3
1850 0 7
1515 6 1
353 0 5
1410 5 9
365 3 9
1555 7 7
1694 0 0
1562 4 10
1976 4 3
616 9 10
1228 8 0
789 7 10
1525 1 1
198 2 1
915 6 2
1668 3 2
384 8 0
1626 7 1
1880 8 4
1613 0 7
1103 8 0
1079 7 6
285 7 0
478 8 7
1987 7 9
1963 4 3
1892 10 9
1738 7 7
1132 9 4
201 3 0
282 6 7
1610 10 3
481 3 4
1522 6 9
1096 0 3
661 2 0
1919 8 8
392 3 2
968 8 7
615 9 9
816 9 8
1162 8 0
1155 9 3
1080 6 3
864 9 9
120 2 0
865 5 10
734 10 1
1146 0 3
1327 9 9
1193 6 10
1988 8 2
729 4 3
632 2 2
1990 0 2
1017 0 5
940 2 5
146 10 0
1426 5 10
457 8 10
1341 3 1
424 0 9
503 3 0
1479 4 7
1335 4 7
1184 0 7
234 7 10
326 6 2
1222 8 3
326 3 7
1382 1 5
1525 1 3
996 0 3
836 6 6
1149 3 5
897 2 4
1967 0 1
1389 6 1
1907 10 0
936 5 3
1366 10 0
1886 6 4
449 5 8
1397 2 4
782 3 2
410 3 3
1897 4 5
1915 9 7
433 10 5
1466 3 1
1947 8 6
1531 2 1
670 7 0
1442 9 5
144 5 4
334 7 10
1749 6 5
1176 8 7
1468 5 1
924 2 9
1711 4 7
1678 2 2
1659 3 7
1989 5 10
1514 3 7
1869 6 7
773 8 7
1322 0 9
580 10 9
1190 10 5
1733 5 5
1872 2 2
1630 8 8
365 1 4
1967 10 6
1824 8 6
1325 10 4
608 0 0
370 1 7
320 2 8
1060 9 2
189 8 5
293 8 9
1812 7 8
146 6 9
1558 0 9
1134 3 3
166 7 8
936 9 3
649 4 5
411 3 8
941 8 4
684 4 9
1358 10 5
826 3 10
757 4 4
1155 6 7
1122 1 9
1510 9 8
1126 9 10
371 1 3
779 10 10
257 1 4
1475 3 8
811 10 3
1275 1 0
1969 6 0
391 7 5
1210 8 3
464 6 3
1449 4 6
339 3 5
410 6 0
1939 5 5
1726 3 8
422 4 1
1411 7 1
661 8 9
109 2 6
302 5 8
1164 10 4
1349 8 7
1056 4 8
1704 9 6
532 10 9
310 8 2
1313 1 5
1546 7 8
1896 2 7
132 2 9
1626 8 2
132 7 9
1792 6 6
1380 3 6
587 5 8
123 3 6
1864 6 4
792 3 1
697 7 5
921 2 10
731 4 9
468 0 2
1802 1 2
1353 1 4
1096 4 1
1563 10 1
1345 5 7
853 1 6
1640 2 9
1566 9 0
347 8 1
582 8 9
1788 0 9
1796 2 0
1726 8 2
1367 7 1
1578 7 7
344 2 4
482 3 9
1768 3 0
1881 1 5
1595 3 4
325 5 5
874 2 1
1981 6 8
467 9 5
1200 9 10
777 6 10
1511 2 6
1051 6 0
429 9 9
840 4 3
485 5 5
1806 6 3
165 5 4
1273 7 6
1740 1 5
504 0 1
1413 6 8
563 4 9
425 9 4
1312 0 9
1197 7 4
1747 0 3
213 9 2
1503 9 2
269 8 3
682 4 9
1875 6 8
416 6 3
238 5 9
167 8 0
1615 4 8
1280 4 10
874 4 8
598 5 5
376 10 10
1126 4 4
173 1 10
1657 7 5
617 2 10
764 1 4
1034 0 2
492 0 10
717 2 2
128 6 10
1892 4 2
1850 2 4
706 7 4
542 3 2
724 2 1
319 5 2
685 6 6
896 6 7
986 3 4
1277 4 6
332 4 0
1541 0 1
299 8 6
1047 8 4
1586 5 5
549 1 0
318 10 6
202 4 6
967 8 6
814 0 3
1913 0 9
1304 2 4
1994 5 7
1283 6 5
275 1 2
1976 4 4
326 3 10
606 7 0
665 6 6
557 9 10
826 9 2
1745 7 0
115 5 4
144 8 7
479 9 2
284 0 9
123 3 2
505 3 10
220 1 10
102 3 10
1743 10 4
126 6 7
690 6 9
921 2 8
1973 4 7
1812 5 0
1876 0 4
204 1 8
1438 8 1
1877 2 2
1439 7 8
1464 6 0
1325 0 7
901 4 1
660 4 3
1174 0 3
283 3 7
1627 0 2
1676 3 6
605 5 8
1089 1 1
1136 0 10
915 3 4
745 0 8
1568 1 1
696 10 7
538 10 0
1792 0 7
1627 6 3
1830 9 6
1543 10 6
1692 3 6
197 8 3
202 0 9
197 9 1
1382 1 6
1111 10 0
1438 8 0
368 2 5
1501 3 7
1160 5 7
550 2 9
1364 5 1
1547 3 0
226 3 3
414 3 5
1802 10 2
633 5 3
249 0 0
1503 10 3
452 0 7
1931 2 2
869 10 9
1817 5 10
1132 9 2
1869 10 9
1790 0 9
1911 8 1
965 1 3
814 8 1
940 7 0
530 1 9
1828 7 9
513 3 10
1587 6 8
1650 6 7
1961 7 0
704 6 4
842 5 1
813 9 0
1141 2 10
775 10 10
229 2 0
1128 3 6
159 4 0
667 1 10
735 6 7
231 1 8
1962 9 2
362 9 2
1988 3 8
1394 9 1
830 3 10
333 2 7
298 7 2
1970 0 10
203 2 6
1513 2 10
1353 9 7
1795 7 7
1749 1 9
1436 5 2
1064 4 9
890 2 1
677 3 9
983 6 10
814 8 1
1782 9 10
483 5 0
1022 3 9
784 10 6
1344 4 8
955 1 9
374 7 9
1905 8 6
654 6 10
1815 7 2
1915 3 5
1888 0 9
480 6 10
526 1 3
1429 8 10
1175 3 7
1378 8 5
1397 3 4
1088 0 0
683 4 3
698 6 5
568 8 7
1285 8 3
1789 7 6
123 3 10
1039 0 6
1798 6 8
1302 2 3
1278 1 6
1716 0 4
1583 4 7
954 2 4
620 8 2
1355 8 9
1078 0 2
1578 2 10
994 1 3
1642 5 0
1589 5 2
1085 0 3
1128 5 6
862 0 3
1554 2 0
1809 8 2
359 0 4
500 3 2
1508 6 0
1152 1 7
431 4 2
840 3 7
1748 9 6
519 9 1
1089 6 5
1639 2 2
1727 7 10
238 5 5
1123 10 1
179 6 2
964 1 7
1234 3 8
391 9 10
1830 6 2
613 5 5
1450 8 1
1766 3 4
240 6 5
1762 9 5
1492 1 2
1023 2 8
346 5 6
814 6 7
802 1 5
1868 5 9
1441 9 9
662 4 5
511 7 0
577 1 1
217 5 8
1047 8 0
1528 1 9
1746 0 5
1279 10 4
1436 0 2
871 4 7
148 7 4
1622 4 9
1970 7 5
475 8 3
1671 6 1
721 0 7
291 7 7
1659 10 9
1703 1 2
1394 1 1
704 6 2
735 2 3
1647 6 1
1578 2 2
1226 8 4
1496 0 0
1649 6 3
883 8 6
525 3 5
488 9 2
1802 8 5
1895 7 5
146 3 1
1196 2 8
372 10 10
1973 5 4
543 9 1
170 3 2
1707 10 7
625 3 2
206 5 5
1547 7 2
698 4 5
1587 1 3
331 3 5
629 8 5
497 4 7
808 5 7
151 3 7
351 9 8
1667 1 10
1793 2 9
1944 2 5
196 4 10
1307 10 5
1788 9 2
1031 5 3
992 7 8
577 1 9
1348 10 4
1248 6 0
694 8 10
445 3 6
1453 3 0
1003 7 1
981 8 4
1819 10 4
165 4 6
1627 2 7
997 4 1
121 4 1
294 2 6
168 6 4
1030 1 0
632 1 0
1245 8 3
650 4 5
526 6 6
423 5 4
776 0 3
1089 10 8
1940 6 6
613 6 9
1603 1 3
839 6 7
1332 1 1
1310 6 2
1520 10 2
934 9 2
1395 0 7
545 9 9
1812 0 5
1871 3 6
287 6 1
166 4 3
366 0 7
1750 7 5
134 0 5
1324 8 8
1666 8 3
1964 2 10
599 6 7
207 6 2
209 10 10
859 4 8
366 5 0
1433 9 8
268 2 3
312 0 0
1815 7 4
1899 1 3
1648 6 3
1991 5 9
1764 3 0
428 1 4
1241 10 1
158 4 6
1179 5 0
1389 7 3
174 3 1
725 6 5
1596 7 3
921 5 7
274 9 3
1798 2 10
877 8 7
1461 4 4
1218 3 1
1342 8 8
882 9 0
1217 4 1
1728 2 5
1183 5 5
813 6 1
900 6 10
255 4 3
705 6 8
1576 2 10
865 8 4
1229 10 3
1093 4 1
1487 5 1
372 10 3
1826 8 4
1843 1 2
1962 8 0
200 6 1
1311 8 1
1476 0 10
939 2 6
1347 6 10
1480 9 3
1083 4 8
1042 3 7
781 0 10
241 2 1
441 0 6
443 10 10
1046 5 1
540 1 6
512 0 5
1363 3 9
1287 3 9
1329 0 6
1958 4 4
1314 6 3
397 5 2
187 1 6
295 10 1
1644 9 7
618 1 1
900 7 5
1990 8 6
413 0 4
184 7 10
1031 0 0
1786 4 0
956 4 0
421 0 10
772 0 1
163 4 7
706 8 4
1493 4 7
1066 1 9
109 4 5
624 5 10
1099 6 9
519 0 10
262 0 2
867 9 5
1602 10 8
279 5 4
907 5 6
148 6 0
1217 1 7
212 8 2
1672 8 3
287 7 9
781 0 2
1558 5 9
1982 4 10
1368 5 5
683 4 10
645 2 5
1011 1 3
137 10 1
811 2 3
964 4 2
490 0 10
950 4 0
1869 0 8
1811 6 0
1207 7 6
1148 5 4
194 3 1
1035 7 7
510 2 2
845 4 10
1428 10 7
231 10 10
229 8 4
1883 10 10
1706 3 3
222 10 9
1115 10 6
947 10 8
610 6 6
944 4 4
178 4 5
1794 10 8
513 0 1
135 9 5
1405 6 4
364 7 0
1036 8 3
1719 8 7
253 2 0
1796 9 0
784 4 10
765 9 0
1692 0 1
1520 6 6
616 7 3
1552 8 5
1274 8 5
503 6 7
1685 6 10
1862 8 3
1267 10 8
564 10 3
811 9 8
488 6 3
919 2 10
1973 2 3
1161 6 5
717 4 5
1597 0 0
1477 7 8
1331 6 1
170 4 6
679 9 7
548 4 3
850 1 7
1550 9 5
474 6 4
987 10 8
1096 0 3
1786 1 5
951 6 3
160 3 4
1686 3 3
1247 8 8
1236 6 4
1901 0 2
1068 4 2
1226 9 3
773 8 0
1360 7 3
243 2 4
399 4 1
646 3 9
1835 8 3
1978 2 8
1852 6 6
353 4 2
485 0 3
406 4 8
1393 1 9
1800 4 1
677 4 8
121 8 8
1689 2 5
1280 10 9
473 0 10
634 8 3
1796 10 9
1104 2 6
1711 0 7
697 6 3
508 9 0
164 7 3
733 9 8
420 5 8
821 4 5
1710 1 4
1335 3 10
1440 8 3
197 5 8
1786 2 7
869 0 4
1359 2 5
1436 4 3
1809 2 1
1081 0 1
466 3 6
674 7 2
1239 3 8
1010 0 4
1508 2 1
1480 8 4
1095 2 6
564 0 1
1773 4 7
694 5 9
1464 3 10
1720 10 2
743 4 6
1288 2 9
259 9 3
885 0 3
1929 4 1
1221 0 0
350 2 8
421 4 8
1883 3 7
1210 8 9
1217 6 3
468 1 7
1921 3 3
268 8 9
1389 0 0
1321 3 7
900 4 9
446 2 6
560 9 7
878 10 10
1947 2 9
696 9 10
1650 5 1
391 2 2
1004 3 2
1120 2 5
548 2 1
1569 5 0
1440 2 5
508 5 2
639 4 8
1923 10 6
124 8 6
1587 5 10
1352 9 10
1782 3 1
1624 2 3
446 8 5
245 7 2
957 0 5
1547 4 1
1775 4 0
1880 0 4
1353 5 5
1105 6 1
596 6 2
474 5 4
1127 5 10
1490 5 10
1555 2 3
1837 10 0
984 9 10
865 6 2
1737 4 8
137 10 2
1148 10 2
1066 4 0
1785 10 7
1506 2 3
1178 3 4
310 0 7
1003 10 1
1298 4 6
1088 3 9
999 0 8
1051 7 10
1783 7 9
454 5 10
1154 6 6
1724 0 0
1357 2 3
747 6 5
1777 0 9
1316 4 0
784 8 1
1445 10 2
141 8 6
1325 2 5
444 10 6
1101 7 10
575 9 10
1177 3 2
167 9 5
1584 3 2
751 3 2
1182 3 10
138 5 5
299 6 7
703 5 7
914 2 6
314 5 0
432 10 9
200 5 7
1617 3 10
1701 1 4
1021 10 5
832 0 3
533 3 3
1070 10 5
498 1 8
628 8 1
1521 0 8
660 2 10
743 9 0
1247 4 3
1281 4 0
1796 10 1
274 7 2
564 0 4
1597 4 3
731 5 3
352 7 2
326 6 9
881 1 4
378 10 3
1159 0 9
1136 1 0
700 7 3
1780 10 0
348 1 6
644 5 6
840 9 4
1222 7 1
1762 0 0
604 7 3
933 5 0
535 1 1
357 5 1
1455 10 1
1988 9 6
1138 9 2
543 4 1
1511 5 10
1895 9 8
1940 3 7
476 9 10
1790 4 5
1012 8 10
384 5 1
643 10 0
1526 0 0
1109 8 4
858 2 3
1685 7 1
1887 1 6
688 4 0
217 4 4
241 5 0
391 9 2
820 10 2
795 0 7
1906 5 6
524 9 4
292 1 0
1048 8 4
1560 0 7
1777 0 5
976 5 5
372 9 10
383 8 5
1837 2 6
1084 6 2
1342 9 6
1540 3 6
1006 10 9
398 8 9
612 6 10
1625 10 8
217 7 10
1970 2 0
240 2 5
1326 10 1
1796 1 9
1428 4 9
1671 3 7
1240 2 4
1987 2 4
633 7 2
1447 7 5
1833 0 9
966 3 9
300 10 5
1649 2 4
1184 10 8
1665 5 2
1267 4 4
633 5 8
448 7 4
523 1 2
511 6 6
868 3 6
1721 2 4
1967 0 3
469 2 10
1896 4 0
1683 1 0
1539 1 2
430 5 6
1829 0 2
673 10 1
1024 0 2
1404 1 2
1096 3 9
466 4 5
922 10 1
1985 9 3
880 9 0
1266 9 6
1019 9 1
293 3 7
1757 0 2
996 1 4
1755 0 10
250 10 0
1472 4 0
983 8 6
941 0 6
242 7 4
795 2 7
255 9 7
1799 1 9
969 1 7
250 6 2
1762 2 5
1093 3 8
1849 5 1
924 9 5
1017 1 5
165 10 0
1058 5 4
1633 2 3
1549 5 3
224 5 1
862 2 6
862 2 0
529 8 3
1227 7 9
976 5 3
906 9 9
1469 3 4
1578 3 7
858 4 9
816 7 8
568 7 8
890 0 1
352 3 0
860 9 9
1935 4 5
598 9 9
481 7 5
546 2 6
299 6 0
685 10 9
773 8 9
1095 0 1
794 0 7
547 2 5
961 1 6
1322 9 4
1149 8 1
265 0 10
1504 8 3
218 10 1
179 1 6
1714 8 9
1132 10 3
407 5 7
669 4 2
220 2 0
1082 9 8
677 8 2
639 7 3
898 8 9
1917 1 1
109 2 1
523 10 9
653 7 4
1250 2 4
1853 9 9
1396 7 3
1752 9 1
204 5 2
1499 6 0
894 5 9
1912 9 3
1054 1 2
356 10 3
1603 1 3
1891 0 0
543 9 7
1866 3 3
1165 1 5
572 1 5
775 9 8
871 4 9
1938 3 6
1236 10 4
1277 8 5
1702 0 7
1635 7 4
1415 3 1
1568 4 10
342 4 9
834 0 10
312 9 10
1149 4 0
1315 10 10
436 9 1
1875 6 8
1773 8 4
1439 9 6
376 2 6
524 6 4
580 1 7
434 9 9
992 2 7
304 8 9
206 10 8
1711 9 1
1295 4 8
599 7 9
1088 8 2
754 4 2
1425 10 0
1353 3 10
1117 8 2
244 10 0
1108 6 10
1235 10 8
1276 0 5
299 1 8
1741 0 7
1493 2 8
890 7 3
1408 3 10
1910 1 4
574 4 9
589 3 3
676 2 1
1187 0 9
1295 2 10
504 8 3
335 2 8
1454 3 1
589 3 8
1438 1 0
1750 1 10
1779 1 0
1727 7 4
1370 9 1
742 0 0
477 4 10
298 8 10
1216 0 2
975 1 7
101 3 2
1176 2 0
1965 3 3
1685 0 4
560 6 9
1563 1 3
1736 5 0
1760 5 5
925 3 10
965 2 8
1098 2 4
844 0 9
1346 5 3
899 2 2
1922 1 7
733 10 7
1963 1 6
1232 10 9
1392 2 9
1180 4 2
1426 2 3
298 7 3
1932 0 9
751 5 1
249 9 8
1682 9 3
1214 8 3
956 2 0
1969 4 5
1789 7 6
656 7 6
964 9 1
374 9 9
1271 0 7
925 7 3
1624 6 6
155 6 3
1425 4 6
1825 0 1
462 7 4
1710 8 3
979 7 7
1182 4 7
156 6 10
182 4 7
1596 6 5
1471 3 9
952 8 0
228 10 10
1041 7 7
1689 6 10
565 9 9
1844 1 2
648 5 5
563 3 5
1080 5 0
915 0 9
1890 8 5
1566 2 8
437 7 8
1285 0 3
566 9 0
115 7 0
1013 5 8
1959 10 4
1409 5 10
260 2 8
784 7 9
587 7 10
1811 9 0
944 9 7
1325 8 3
503 9 1
1907 6 8
784 8 1
808 0 6
617 9 5
1265 6 0
534 1 3
350 9 1
1201 4 3
1040 8 10
1583 9 1
192 10 9
1313 10 8
921 1 9
1871 0 10
318 1 0
1426 1 1
1458 2 5
1335 1 8
1938 6 5
1662 7 8
1779 2 3
1014 7 7
1597 10 3
1591 0 5
198 6 3
261 7 2
341 7 2
1155 6 4
668 6 9
1949 5 10
1743 6 10
1527 6 4
1785 2 2
308 3 7
548 6 9
969 9 6
1343 7 2
1015 10 0
1645 10 0
955 10 1
1768 9 4
941 2 6
1147 2 7
520 1 2
712 4 9
1786 8 2
1667 3 2
266 8 7
1733 10 7
731 0 4
660 7 5
1645 10 7
1620 6 0
419 5 10
1522 8 8
607 2 2
973 10 7
344 1 4
1249 10 6
1284 9 8
728 6 9
601 6 3
1491 1 9
315 1 0
1203 4 0
969 0 7
782 5 8
1511 5 10
1951 1 8
1844 8 6
1404 0 6
1061 9 8
1541 1 3
314 0 1
1033 7 8
1819 4 5
1515 7 10
600 6 8
1940 1 0
822 9 9
695 10 8
1443 8 4
1656 9 1
754 2 7
1383 3 2
743 2 10
762 10 7
446 8 4
799 0 2
1114 3 9
511 5 3
1703 5 5
500 9 3
1666 0 0
1779 5 10
217 3 6
408 6 2
998 8 2
162 6 7
782 3 8
721 3 5
1980 6 8
922 6 3
954 3 2
373 0 10
914 10 3
353 5 1
322 1 1
163 9 1
608 9 6
779 0 5
1093 0 7
1427 4 0
1191 0 9
1610 1 6
1720 7 6
888 5 2
1567 7 7
1599 0 5
1871 0 5
1239 4 7
580 0 2
1646 0 3
417 6 6
861 9 6
1412 7 2
1622 0 7
730 6 0
1459 8 7
362 4 6
362 6 5
1249 6 1
1669 6 10
947 3 10
588 9 1
1549 1 3
157 2 4
1624 3 5
1181 6 0
1297 1 7
1672 8 7
1732 10 7
744 1 8
1005 10 8
1737 10 6
530 5 8
1246 1 6
1509 4 9
483 5 4
843 7 5
323 7 4
900 9 3
742 3 3
1824 1 8
1216 0 9
813 2 1
1311 1 2
861 9 2
1297 1 1
1580 0 0
305 10 1
1974 10 0
376 3 10
631 1 2
867 6 8
221 2 5
642 3 4
1464 10 10
234 10 2
1613 9 8
1731 10 1
1513 4 0
1485 1 8
839 4 3
1641 3 8
1357 9 6
1063 7 1
1273 3 3
734 4 3
1147 3 3
1878 9 0
1233 8 5
1535 5 6
1813 5 10
778 4 2
899 0 3
1682 3 5
326 1 7
1443 2 9
284 8 3
106 4 6
1391 10 5
201 5 5
528 1 9
105 8 9
1047 10 5
1743 9 9
380 1 3
1817 7 2
423 3 8
1701 2 3
305 6 0
1233 7 10
499 10 3
476 9 2
336 1 8
1309 6 5
973 6 6
1680 3 8
1148 2 2
1556 9 8
624 5 0
140 7 8
1201 7 1
249 3 1
1502 0 8
1815 7 0
1772 9 3
379 10 5
443 0 6
844 6 0
1756 7 6
961 9 0
971 7 8
102 3 0
1502 9 5
1952 5 9
1480 6 8
263 4 5
1264 3 3
1609 3 8
909 7 0
1801 7 5
486 5 3
487 3 1
932 9 6
761 6 3
1324 2 6
1760 8 6
1616 0 5
1024 10 6
1579 7 8
1830 0 9
1275 10 5
459 7 8
170 3 7
1828 3 6
1058 5 3
1895 0 2
395 10 2
842 1 0
1112 7 10
903 8 10
128 2 5
1853 3 1
1387 6 10
1141 7 0
798 10 2
377 10 1
466 4 3
263 3 10
556 9 10
1387 1 9
707 2 6
1454 8 8
358 6 9
1530 0 3
473 2 9
1205 5 10
1716 8 3
402 6 0
1094 4 5
1944 3 9
1235 8 2
1199 5 9
456 2 1
218 2 3
848 10 4
710 3 1
461 4 8
1689 8 3
1209 7 8
1714 1 8
883 7 7
1351 2 4
1634 1 5
772 2 10
1316 10 4
335 1 10
1714 10 8
1628 0 3
1860 6 1
1669 6 1
394 1 0
1486 5 5
714 4 0
1901 10 3
1922 2 9
1780 6 6
962 1 6
305 10 1
1993 10 5
368 7 9
1155 1 9
389 8 9
1249 5 7
402 9 6
1902 1 7
632 10 5
470 3 5
1816 10 5
474 10 5
1745 9 5
415 8 9
139 4 2
1453 5 5
1609 3 0
906 8 4
1305 2 5
983 3 6
165 6 7
704 10 1
802 9 9
1581 7 4
1183 1 7
111 8 6
1904 7 8
925 8 0
1296 8 9
1204 5 6
789 3 1
486 7 8
790 4 9
122 9 2
1333 0 7
1211 8 3
1054 10 3
1971 7 0
1483 8 5
1257 6 9
1130 6 7
774 5 1
212 5 6
229 3 5
607 9 0
1168 1 6
1408 3 3
1656 9 6
456 5 2
749 4 4
1648 5 8
243 9 1
1096 2 10
195 0 1
217 2 4
1363 3 7
197 1 3
1569 1 0
272 5 5
1576 6 6
1867 0 8
818 2 6
1092 1 4
835 0 9
1387 6 10
629 5 10
769 10 9
1655 0 0
650 8 2
1874 0 4
179 7 10
1031 0 10
1951 5 5
402 9 6
505 2 9
1228 2 6
188 1 10
763 5 5
1656 8 4
793 2 8
1469 2 10
438 9 8
1938 5 8
748 4 4
1304 3 3
1572 10 6
1759 6 3
194 5 9
1573 6 8
430 2 0
1374 9 0
1876 2 3
1272 4 4
1678 0 6
1488 8 8
1945 1 6
1287 5 2
164 8 10
685 10 5
1240 1 5
1617 7 1
210 5 4
756 3 0
448 9 6
1214 4 2
1425 1 10
322 3 4
475 5 5
778 8 9
1823 3 10
111 8 3
497 2 9
1170 9 2
1598 3 9
1664 10 3
1551 6 5
1842 8 2
1487 7 8
1138 9 5
232 0 1
1158 3 3
994 0 4
734 2 1
1903 1 1
1587 8 8
1779 5 6
486 4 4
1268 5 7
1431 9 1
691 0 9
494 6 9
1653 3 6
149 1 10
267 4 5
1666 1 4
761 9 7
1887 8 3
1519 6 6
1762 6 1
1567 5 10
702 7 9
495 8 7
1649 8 3
1371 8 10
1484 5 8
1292 9 4
145 6 4
1819 10 0
453 10 8
520 0 6
304 8 4
1490 10 1
149 8 2
723 2 8
414 2 0
1425 1 9
872 7 1
806 0 6
1638 10 9
1277 5 3
420 9 3
1888 1 6
138 2 4
1483 5 10
359 0 6
821 6 0
1711 5 4
1137 0 2
843 5 9
585 10 7
1188 1 2
1591 4 10
1867 0 2
1779 0 9
1315 10 4
1228 7 7
1058 9 0
939 3 10
1375 7 9
1575 4 7
1310 9 4
1693 1 3
1371 0 9
688 0 5
660 0 7
330 1 4
1579 5 5
1320 5 1
1116 0 8
1063 2 8
1126 9 0
1820 6 3
894 2 5
106 4 6
455 7 1
1174 8 8
1569 6 2
555 4 10
195 0 5
1181 1 4
1213 3 3
772 8 7
1249 5 0
1406 4 8
274 10 1
521 1 0
1549 2 5
658 0 5
1146 0 1
926 5 10
120 1 3
343 8 10
1864 0 4
1021 0 2
271 9 9
1525 5 4
703 5 2
1922 6 6
1037 8 0
1302 1 9
1758 2 1
789 3 6
775 6 1
644 4 8
1787 5 0
804 9 8
1185 0 4
1970 5 6
508 8 5
408 10 10
505 8 8
432 8 7
894 7 0
740 1 7
1209 10 10
1669 4 1
289 6 4
162 9 4
646 6 9
1549 1 0
1830 4 5
1174 8 6
1699 7 5
1864 3 10
1144 10 4
1406 7 4
619 6 8
1640 0 0
690 6 4
358 1 3
785 4 10
369 8 9
1289 10 9
1587 8 3
902 1 10
886 1 2
558 3 9
674 4 4
1794 8 4
298 2 0
365 4 0
1405 10 3
722 7 0
740 9 7
1771 6 5
1478 8 10
1532 9 0
1174 4 5
1633 2 3
959 3 0
829 7 5
1236 0 1
1222 6 4
1522 2 1
564 1 1
342 4 1
712 9 9
985 8 5
379 8 1
301 7 7
1940 2 5
173 5 8
1770 7 7
1866 0 10
531 7 3
1885 3 6
1518 6 0
125 3 8
779 2 9
828 7 6
1452 5 10
289 5 9
1869 7 5
680 7 0
1612 6 4
1950 8 5
866 2 3
1141 8 10
1546 1 5
596 5 4
1492 7 8
1034 4 7
443 0 3
1554 3 7
1774 6 3
181 2 7
477 0 3
1314 2 7
1406 3 2
1667 6 5
720 1 6
1239 8 8
705 5 3
1141 1 8
1832 7 9
1301 3 6
848 6 10
467 10 10
1209 4 9
1766 0 9
192 10 5
719 9 3
141 10 5
272 8 4
1382 4 9
227 4 8
1957 4 8
767 8 7
1450 1 8
485 2 10
1436 4 7
1536 7 7
382 3 7
1402 3 10
1790 5 9
409 10 7
1155 0 9
570 6 2
1889 2 6
249 4 1
262 4 6
1807 7 9
472 0 2
302 8 9
1037 1 9
756 4 6
1465 3 10
1956 9 0
1132 0 10
211 5 10
1048 3 2
1366 9 7
1506 4 4
581 2 9
1263 8 4
1287 5 9
1322 8 4
599 6 8
1764 2 4
535 9 1
1131 3 1
1875 10 7
382 10 2
486 1 8
178 6 6
1548 10 9
140 9 1
709 2 3
676 2 2
1797 4 5
1576 3 5
1159 6 4
1350 7 3
1388 2 7
1025 9 9
1582 10 6
247 3 3
173 2 1
1131 5 1
409 3 6
375 8 0
341 1 7
1320 3 0
1809 8 7
1974 6 0
1164 0 3
1851 6 8
829 8 4
1392 5 6
620 2 3
354 9 7
1568 3 6
1232 10 4
1618 7 5
1461 1 7
548 9 7
1498 5 4
368 7 1
1308 9 2
1203 7 7
850 10 2
1962 4 9
1846 2 6
956 5 5
653 2 3
1712 7 1
203 0 3
1132 7 7
1489 10 10
1270 0 4
653 6 7
363 4 10
549 0 2
804 5 7
1703 4 8
1969 6 6
757 9 10
758 1 0
1145 3 2
905 1 1
1321 2 1
1260 4 1
888 8 8
876 7 4
1515 3 6
1387 4 1
1504 9 8
131 4 7
739 2 3
756 0 6
962 9 6
1639 3 3
1988 7 5
300 8 9
1054 2 3
149 4 0
327 7 2
1889 9 2
819 2 10
900 7 4
1863 1 0
1816 3 3
1095 3 10
767 8 0
394 1 7
1737 9 5
273 7 9
1961 4 7
1671 5 0
1407 1 9
1123 2 2
450 10 8
531 3 10
696 5 6
1963 6 7
136 0 5
869 8 6
463 5 10
1106 6 10
271 8 0
898 2 10
305 8 5
1916 0 3
1548 3 3
873 2 8
819 0 1
690 7 0
124 3 10
1497 1 6
510 1 5
1948 0 9
379 2 1
229 10 0
612 0 8
1037 5 4
1672 6 3
1798 6 8
1647 2 0
452 1 6
563 9 8
1352 9 9
1405 4 8
1197 0 6
1034 10 2
1233 0 6
1679 7 9
329 8 1
1889 9 2
1354 3 1
1267 3 9
1402 1 7
1880 3 0
849 3 1
998 6 3
1707 4 9
805 10 3
299 10 1
779 2 6
167 6 3
868 6 9
148 2 4
1015 7 1
128 3 9
837 9 9
1129 9 8
865 4 5
549 3 6
863 4 1
891 6 6
662 5 10
351 6 8
1079 0 2
1527 10 10
1237 7 1
404 7 2
1672 10 1
1149 5 1
1090 9 3
519 9 7
653 4 9
233 10 1
606 9 10
139 8 8
394 3 5
149 5 7
956 4 10
1473 1 8
818 7 4
504 7 2
332 0 9
1471 6 3
743 1 9
1943 8 9
1871 2 9
724 8 8
926 2 10
1054 7 8
755 7 2
1133 8 8
1413 10 6
917 8 7
1256 2 1
181 7 3
1762 10 4
801 0 7
162 0 0
675 3 10
1549 0 4
1473 4 9
1607 4 1
1292 7 0
1740 3 7
1690 5 7
1529 2 5
1100 7 0
1728 9 3
1746 10 10
1209 2 0
1911 2 5
978 3 1
1830 5 8
877 9 8
1382 0 0
865 6 7
1300 4 0
1828 4 0
1956 6 7
1945 10 2
860 0 9
807 5 3
145 4 2
133 1 0
1895 3 2
756 1 8
1878 3 3
468 0 6
1008 0 9
1672 0 10
410 4 8
143 6 3
1370 6 5
1524 8 6
116 2 0
958 4 5
1804 2 2
531 4 0
984 4 5
595 8 10
317 5 8
1452 1 9
1551 8 3
954 9 8
289 1 10
1047 1 3
1428 8 10
1509 5 9
1760 3 9
1987 2 0
1328 7 0
675 10 6
161 8 1
1556 10 4
1912 1 10
1803 6 8
1509 0 6
1519 2 2
497 7 2
205 0 8
453 9 9
605 5 0
1719 4 8
1649 9 10
991 7 6
1049 5 9
570 0 4
1082 6 2
839 5 3
1524 7 1
1179 10 9
679 10 4
147 5 4
1609 5 1
1458 8 3
294 9 6
853 7 1
1101 8 4
1772 1 9
817 5 2
1327 4 5
261 0 9
1129 2 9
1454 2 10
348 3 8
1877 8 10
1782 0 10
848 5 10
1077 0 4
1533 4 9
1091 1 9
984 5 3
985 6 1
1828 1 0
604 5 4
871 2 6
980 1 6
1498 0 5
1339 9 1
1275 5 5
1669 5 10
1375 1 8
1221 4 1
976 6 5
1191 7 7
558 6 4
584 5 1
895 6 6
276 1 0
1825 4 1
810 3 0
1804 0 10
793 1 10
757 5 5
1606 4 10
1270 1 7
635 0 9
1310 0 8
369 10 4
1961 7 10
1905 0 5
1021 9 4
288 1 4
1084 0 6
1406 4 4
1501 0 3
1393 0 2
833 0 7
1732 4 6
407 4 2
563 9 3
1366 1 1
1300 1 1
1652 10 6
451 6 6
1226 7 6
1431 3 10
1949 2 1
576 7 3
899 3 3
1161 6 5
522 10 9
621 5 6
473 9 1
1387 0 7
1440 3 2
1092 9 7
1877 8 3
1334 10 2
498 6 6
921 7 8
769 3 3
1843 0 2
1838 10 9
1719 2 0
1694 0 4
823 5 1
884 0 10
1063 8 4
1149 6 3
1343 1 8
1035 7 3
948 0 5
1642 10 7
1389 2 2
1065 2 0
532 8 2
348 2 1
644 7 1
256 10 1
339 6 1
1921 6 5
204 8 6
1571 8 9
1415 5 10
719 8 9
1288 9 9
1718 6 9
548 10 4
162 5 5
1792 6 1
244 1 3
687 6 6
1020 0 5
1282 9 4
422 10 6
753 0 0
1184 0 10
1447 5 8
231 0 7
140 1 9
1476 4 0
1439 5 0
1069 8 5
517 2 3
1564 7 7
409 8 7
1259 2 5
1242 10 3
1088 0 0
509 5 10
1945 5 1
1774 3 8
152 2 1
1981 4 8
448 9 3
1113 0 0
1828 4 3
830 1 4
978 8 7
761 5 5
792 2 10
1174 0 2
1033 2 1
987 9 7
1993 0 2
1314 10 2
1234 2 4
1002 0 4
1515 9 6
228 10 9
1232 8 3
1483 6 6
110 8 2
1338 4 9
1252 10 3
1710 5 6
532 0 1
1371 7 5
1415 4 5
1899 2 7
571 3 4
1878 5 10
1908 9 5
776 8 5
1356 8 8
1506 1 0
1355 8 7
317 10 0
435 1 1
576 10 5
440 1 2
1546 5 5
784 0 9
1226 2 10
1584 3 6
832 8 9
218 6 2
1475 0 5
1364 0 4
1250 4 9
1625 9 0
693 0 2
1982 3 10
704 0 10
332 8 0
1511 3 1
851 9 3
1175 6 4
1146 3 10
249 10 8
905 5 6
1786 4 10
1939 5 2
1501 6 10
846 4 6
1724 9 2
769 9 1
1652 10 7
136 2 7
1063 5 7
1947 2 5
1332 8 5
1757 2 0
912 2 4
148 2 4
1349 1 8
1229 4 6
1722 5 9
168 7 4
1590 9 7
1786 2 1
1655 9 9
1616 1 10
1957 0 2
590 4 9
1030 8 8
356 7 2
279 9 4
1520 4 9
845 9 3
506 9 7
1373 9 10
783 7 3
553 1 4
361 2 3
1827 6 8
1065 2 7
1853 1 9
1827 0 0
1031 6 10
1083 6 9
652 8 3
510 0 6
560 4 5
266 3 1
1040 9 9
1437 5 6
1204 9 8
162 0 8
1932 6 10
1006 2 5
970 8 3
304 8 9
431 7 4
1307 7 9
1036 9 2
1074 0 5
1837 10 10
1527 6 5
925 7 9
762 2 3
1221 7 3
277 2 1
1018 9 4
392 5 0
108 10 2
498 7 3
523 6 6
436 6 7
959 6 6
1174 0 5
437 8 9
1221 2 10
1941 0 0
483 4 2
1158 6 2
428 2 0
1728 10 3
1469 8 10
225 6 7
690 4 5
1364 9 1
1327 9 8
1708 8 1
1634 7 4
1789 1 8
1145 4 5
243 10 4
238 1 5
659 8 5
211 9 0
680 10 3
538 10 0
1353 3 0
1121 7 5
1934 4 1
473 8 4
1155 5 0
316 8 2
687 3 9
914 6 4
741 7 0
282 7 1
165 7 3
643 4 2
554 5 8
1085 10 2
479 2 5
1319 2 3
382 2 3
1447 7 3
1933 5 3
1540 3 8
1635 4 10
603 8 1
1962 2 6
997 1 5
1566 0 2
1928 2 6
445 5 0
232 2 0
1550 3 4
497 4 6
1635 7 2
578 7 5
1315 7 0
695 4 10
346 10 2
1234 3 3
1534 9 7
1434 4 10
306 9 3
127 2 6
1654 5 8
688 2 7
768 9 2
1853 9 7
1262 0 7
1583 2 6
878 1 9
990 8 10
125 0 8
216 9 5
1258 6 5
1001 1 0
1071 9 10
805 10 6
506 1 1
1197 10 6
912 7 9
564 6 9
683 9 3
232 5 3
640 6 8
1971 7 0
583 8 9
1504 10 1
248 7 3
106 10 7
938 4 2
1593 3 10
1068 4 0
1224 3 0
387 5 7
316 8 1
1593 3 4
132 10 2
310 6 3
1907 0 2
1357 8 10
980 3 2
1802 0 4
1561 0 3
1137 9 6
1180 10 1
310 2 8
498 7 10
910 1 7
1660 10 10
138 8 7
489 0 0
246 6 7
1814 3 7
1685 5 2
1773 7 6
844 8 5
1728 7 1
802 1 2
1096 0 8
1945 7 10
249 10 9
134 7 9
939 5 6
1547 10 3
1345 9 8
1073 8 1
1122 8 0
661 3 5
1284 1 3
1565 9 9
1200 10 2
1890 10 4
1755 1 9
1480 6 8
210 5 1
442 3 9
195 9 8
582 3 3
1638 9 7
1384 7 5
1118 1 2
1705 4 1
553 10 2
298 2 2
1163 5 5
1246 3 9
1328 0 6
708 1 4
1476 9 2
909 6 7
685 0 7
1189 1 7
1584 9 10
1579 4 7
1678 8 7
1921 4 8
642 2 9
918 2 8
299 10 0
416 2 0
277 6 7
371 8 9
928 4 7
938 6 5
549 10 2
1134 10 3
1252 7 1
1104 6 0
839 6 6
1051 8 2
1832 1 4
804 10 3
1423 5 7
495 6 9
486 0 3
1540 2 4
768 7 0
772 5 0
1931 10 4
644 9 10
151 8 4
665 7 10
953 0 4
580 8 6
1330 1 2
571 3 6
734 10 4
413 5 6
1351 10 1
1160 7 1
1829 5 6
1861 7 1
624 3 8
1080 4 6
1004 3 0
1151 4 8
493 4 3
138 4 9
1906 1 0
1779 7 0
1649 10 3
1841 6 5
1576 1 9
1658 6 6
753 6 5
1877 9 10
137 0 6
640 4 5
376 1 9
1458 0 0
1299 3 8
1130 5 6
1054 1 0
184 4 9
910 8 0
1094 7 1
388 2 5
983 2 6
388 4 0
1826 4 8
1058 6 1
912 6 8
1787 10 0
572 1 3
1956 1 7
455 4 7
936 9 5
477 5 8
1186 7 0
919 7 1
608 4 6
1759 6 2
428 9 10
159 0 5
847 6 4
1076 9 5
978 8 9
1219 3 3
1425 10 5
1446 4 7
986 8 2
1189 5 1
859 8 0
1618 7 0
681 10 4
1191 8 9
846 1 5
337 8 9
1001 1 0
885 8 3
886 1 3
169 8 9
1618 7 0
652 10 5
163 0 7
134 10 6
1675 8 8
1571 10 2
1388 1 7
739 3 4
121 2 8
1020 0 9
1530 4 1
953 2 5
1392 1 8
651 0 0
659 9 9
784 4 9
1705 10 4
120 2 7
191 6 6
840 8 8
551 7 10
1568 0 8
572 9 2
376 8 1
449 8 4
1552 3 4
190 6 6
1840 5 1
239 7 0
1725 10 9
752 1 3
848 10 1
535 2 3
1045 7 9
1819 7 9
1568 1 2
526 8 0
1741 4 6
1976 7 4
502 3 8
1736 0 4
138 4 3
1476 5 6
364 7 0
1640 1 0
1333 1 0
1882 8 8
475 5 4
406 1 3
874 6 5
1960 4 5
275 8 5
906 4 0
128 9 5
634 5 10
138 6 3
1472 10 2
1491 3 5
392 10 5
735 10 9
901 0 0
221 1 5
1459 3 5
330 0 5
317 1 2
766 2 9
213 5 2
1841 2 2
236 2 5
1055 2 2
1420 9 0
817 4 4
1304 10 7
1776 6 4
979 1 4
1748 9 4
524 9 9
100 5 3
812 2 8
653 10 4
1669 8 3
1250 2 2
221 9 7
492 0 5
186 4 7
1653 0 0
618 3 10
1287 1 0
1616 1 10
262 10 0
1770 6 1
1028 10 8
446 8 9
460 0 3
664 2 10
295 5 2
1185 9 6
508 7 1
116 4 6
203 0 1
978 6 0
694 2 9
1496 2 10
523 3 4
226 7 7
373 0 2
1507 3 0
1507 1 8
1520 6 5
404 8 4
746 5 9
1547 10 3
1185 8 10
320 6 3
456 4 5
1248 6 7
816 9 3
1689 6 0
738 7 6
965 7 2
217 10 1
1746 6 9
729 10 8
1956 6 6
270 0 5
1378 2 8
1690 1 4
1394 5 1
985 0 5
1000 5 9
1678 7 9
780 8 5
1388 6 9
1436 7 1
1131 5 9
1256 4 1
1506 5 5
1040 9 9
799 3 2
1484 8 9
1540 8 9
1700 0 5
908 10 9
542 5 3
410 9 9
1606 0 7
507 3 0
432 10 1
110 9 9
809 5 7
457 4 8
1303 4 2
1915 3 3
1523 10 0
1338 2 2
634 8 9
573 4 6
1935 10 0
1960 6 1
1082 10 9
1527 6 2
1015 1 7
590 1 7
1360 2 8
225 1 0
696 1 0
1918 5 1
1605 7 9
1411 9 8
1051 10 10
888 7 5
164 9 6
1677 10 7
1270 4 5
1884 8 4
107 4 7
384 6 10
1046 5 3
1602 5 2
1653 4 3
593 5 7
844 0 4
1622 10 2
421 3 4
1212 1 1
741 6 0
1734 0 2
429 7 0
610 1 6
1684 3 5
1515 9 9
1310 9 3
673 8 2
422 8 10
276 2 4
1213 0 10
1962 4 0
355 6 5
993 5 4
1131 8 3
946 5 1
1108 4 6
1486 1 10
281 10 1
1346 3 7
631 1 1
1236 10 0
187 0 1
403 8 8
195 0 5
406 8 0
104 0 7
1910 6 5
1440 10 10
161 9 7
1445 2 6
261 6 5
279 9 5
1310 8 10
437 10 7
318 7 8
1093 5 0
1366 1 10
727 4 3
960 0 1
1139 1 4
1971 4 1
742 5 4
205 0 6
1820 1 7
1770 7 6
1935 6 3
1332 10 8
1369 6 0
862 3 2
1601 2 7
719 6 8
1107 2 8
295 10 2
327 9 4
1851 7 4
1232 6 0
784 9 7
1164 0 1
310 8 7
587 4 6
1162 3 9
1556 6 7
873 4 4
1728 5 3
1708 9 0
765 7 10
1031 6 0
670 9 6
672 10 4
1258 2 10
1190 0 8
271 7 8
888 6 4
1470 2 9
525 4 10
589 2 7
861 2 2
1692 1 0
1886 0 5
908 7 6
562 1 7
412 0 2
380 3 5
946 3 8
309 7 5
992 5 9
273 10 1
584 10 4
1753 3 1
1590 5 3
334 10 6
1661 3 4
1130 0 7
472 8 5
1672 10 7
378 8 9
1704 3 4
674 1 7
957 3 5
225 7 4
481 7 3
1069 0 5
709 1 2
1774 8 9
572 9 1
1813 6 4
1357 6 8
1823 6 5
105 3 8
1473 7 3
956 3 3
689 0 5
315 4 8
1216 7 9
222 2 3
1976 4 0
1932 9 4
1401 9 4
1482 5 2
1352 4 0
1778 1 2
1874 3 4
1819 1 4
1830 8 0
510 1 0
1395 6 5
558 3 4
1243 1 1
1967 4 8
880 3 6
1749 8 2
374 8 0
1607 0 3
1897 10 4
1406 10 10
1403 2 0
1452 0 0
1981 9 0
512 9 4
1507 0 6
1926 10 1
1352 4 3
790 2 9
246 3 9
153 7 2
407 8 4
109 9 9
1684 5 10
1545 5 7
989 1 4
1425 5 0
242 4 0
755 1 2
232 2 0
1222 1 9
1215 9 5
550 3 10
661 10 0
912 2 6
843 10 9
964 9 6
1945 8 7
925 3 7
714 1 0
841 6 3
619 4 9
1661 8 4
833 9 5
335 7 5
189 8 7
1371 0 10
538 2 10
605 2 5
519 9 0
1185 4 10
201 6 2
1479 4 6
1077 9 9
1012 6 8
473 2 3
1530 7 9
1303 9 6
1350 7 0
1912 5 7
987 6 9
1388 4 6
1306 7 0
1021 6 7
317 6 9
1680 3 1
915 3 2
988 0 3
1290 9 10
1018 5 6
755 7 6
826 8 6
315 1 3
264 0 7
1692 8 2
225 4 1
1163 1 6
450 9 2
1917 3 4
1730 2 0
1712 4 8
1654 1 6
1848 7 8
1339 4 6
429 7 4
1829 3 0
881 9 4
223 7 3
1691 1 5
1537 0 5
1947 10 2
324 2 4
392 9 9
1784 9 10
1475 6 10
987 4 0
542 9 1
423 7 2
681 5 5
1207 10 8
816 5 6
1879 6 0
155 9 1
234 9 10
1731 10 10
1454 9 6
1135 5 4
1077 0 3
818 4 6
1048 8 7
1684 0 6
1996 3 4
141 8 6
791 2 2
163 3 9
1494 9 3
1332 5 2
1879 3 7
1757 10 1
764 1 1
1638 0 1
1586 6 0
1430 0 5
1691 2 0
298 2 5
392 7 8
880 6 9
1231 3 3
1427 3 1
1455 2 5
1345 3 1
119 10 8
442 6 9
431 5 1
926 4 2
904 8 2
437 2 4
1485 1 7
1134 4 0
218 0 9
130 0 5
568 6 7
226 8 0
535 1 6
789 3 3
251 2 5
1535 5 5
1472 6 0
240 0 0
1165 0 1
807 1 10
1522 7 7
346 1 1
547 1 4
1403 9 0
1931 4 10
883 10 1
470 5 0
725 6 6
973 6 8
693 6 2
691 6 8
511 10 1
1349 1 2
805 10 3
1092 6 7
212 3 8
921 8 5
240 1 10
531 5 6
1372 3 4
1523 9 0
174 1 0
390 1 3
669 1 4
313 0 10
1969 5 2
289 1 7
865 2 2
1199 8 4
1139 0 8
1400 0 7
1914 0 3
1458 0 3
1079 6 0
565 5 7
219 7 7
370 7 7
1075 2 8
476 6 9
177 8 8
584 0 5
1163 0 10
659 0 2
1057 7 1
1591 0 0
1840 0 7
525 8 0
1580 3 2
1296 5 10
297 6 4
1793 7 2
1766 0 2
250 2 10
1236 3 7
1889 7 5
1003 0 1
589 9 10
1325 7 8
783 6 0
100 7 8
284 10 2
1380 5 1
1974 2 8
828 8 6
652 4 3
877 1 0
1291 2 1
1092 5 4
140 8 9
239 9 4
1322 0 4
325 1 10
143 6 9
1424 1 5
1094 7 0
843 0 8
349 2 9
545 3 5
1809 2 7
1287 5 7
162 3 3
715 1 0
483 2 4
1151 3 3
571 7 2
865 4 8
732 5 2
1273 4 1
1838 9 3
695 3 2
805 1 9
179 4 4
1584 8 2
1344 1 8
1742 8 8
1171 4 4
274 1 10
1827 10 4
1180 6 3
921 3 8
599 4 10
1929 3 0
1180 0 1
1520 8 8
1584 2 0
1756 5 3
1596 3 2
677 4 2
480 0 9
1073 2 8
936 6 7
1233 7 5
1734 7 0
467 2 4
718 3 9
1066 3 0
1965 10 1
868 4 8
287 5 0
372 6 4
1997 3 2
1635 4 1
815 1 6
1068 1 4
740 3 1
1842 2 2
103 4 3
594 10 3
1429 0 8
908 9 6
1383 5 4
1916 2 3
1613 8 0
1228 4 3
1599 5 6
590 3 10
722 9 7
1878 3 5
311 2 1
1016 2 9
820 3 3
857 10 8
1676 4 1
1541 3 0
434 0 9
1915 5 6
1401 6 0
650 3 10
1652 9 3
1231 1 10
1584 1 3
312 9 7
1396 10 7
236 5 7
1963 7 7
1296 9 10
586 7 5
1202 5 1
463 10 2
100 8 5
846 6 9
482 6 10
1700 8 4
630 4 3
248 2 3
1201 9 1
369 2 3
1584 8 7
912 3 5
961 7 6
780 8 10
715 6 3
1597 9 2
1202 5 8
163 2 9
1879 0 7
1092 6 1
1809 2 5
1405 0 4
210 9 9
1714 0 5
1544 0 7
854 8 5
1453 3 7
1473 6 9
1767 8 2
1604 9 1
1011 5 5
473 2 3
146 0 3
1863 5 1
1905 1 0
495 2 7
1672 0 7
1268 2 5
1751 8 7
1342 3 0
948 1 9
1093 0 3
756 7 5
643 4 2
1478 5 7
698 1 6
1315 4 4
1339 10 5
1654 6 6
1944 9 10
124 7 2
764 8 10
455 9 1
1510 2 6
1807 2 8
354 0 6
816 6 1
1835 4 3
1084 2 3
683 4 2
1392 8 5
283 2 1
1108 3 8
1031 8 6
1267 5 2
1080 4 0
167 0 3
286 2 3
1944 4 1
204 8 2
793 3 10
1659 8 2
959 2 5
539 1 5
846 5 9
378 4 7
1286 2 7
957 1 2
1783 8 10
381 8 10
1183 8 9
1681 0 8
1469 10 3
1811 8 5
566 9 4
1670 10 4
444 8 5
844 6 2
1835 6 0
622 8 9
1231 9 8
882 7 4
1977 8 8
1573 1 7
946 3 10
933 6 7
425 8 2
1117 2 10
815 7 8
1707 3 10
1529 8 8
1580 0 4
1992 10 0
1412 0 0
1224 10 5
778 5 1
1565 9 1
1109 6 4
1589 7 7
1579 5 6
1657 9 4
961 1 3
1460 10 2
1307 8 9
436 2 8
1552 2 2
1720 5 6
930 10 3
431 9 10
1315 3 0
400 0 3
1804 6 9
1505 9 4
751 7 9
978 4 5
1700 1 0
656 5 0
579 0 6
227 9 0
1198 1 3
782 7 2
1670 5 10
1488 6 8
1569 3 6
1260 5 1
250 0 9
1248 2 10
1149 8 6
1539 4 1
1896 10 8
1494 7 0
847 10 10
1715 3 1
1580 2 3
1453 6 8
1401 5 2
1370 10 9
630 2 7
360 7 6
1591 1 10
708 10 2
1743 10 5
1942 7 8
1183 2 6
229 5 6
338 8 7
141 9 7
246 3 2
1482 9 7
429 5 6
447 7 0
1617 2 8
263 5 5
872 2 7
911 10 6
312 4 6
1575 4 8
953 9 7
1518 1 4
1653 2 1
1040 8 1
763 5 4
1408 4 0
1922 5 6
1496 9 10
649 8 7
1545 4 6
897 8 0
1493 1 6
1804 3 7
712 1 8
1058 1 3
1562 4 8
1197 8 2
1536 3 2
630 7 6
1639 2 7
740 6 3
188 2 0
1902 3 1
385 2 0
1647 4 0
1572 10 7
1643 1 9
1729 3 8
712 8 7
1979 2 4
1665 2 3
1257 7 0
1520 2 0
292 0 7
1894 9 1
1269 9 10
431 5 7
1437 5 7
867 6 0
1967 2 9
1170 10 6
1008 9 1
1929 0 6
199 4 3
991 4 7
652 10 3
1504 10 10
241 0 0
865 2 5
647 4 9
1491 0 0
1886 1 7
1402 3 2
1884 4 7
1301 8 0
1766 9 1
1075 4 8
722 1 6
678 0 2
1010 0 3
973 10 9
1661 10 9
189 5 9
613 5 8
846 9 9
368 3 8
854 7 4
1311 4 1
1664 9 1
1413 2 10
1892 8 0
1958 7 10
1123 4 3
1511 5 8
837 0 3
825 9 6
1503 0 0
234 2 8
1849 2 1
1886 4 8
642 7 3
1420 4 7
1818 7 1
1832 6 4
1360 9 6
1793 4 5
1802 8 8
200 5 8
1350 8 7
355 8 6
671 9 9
1696 3 2
1079 9 3
254 7 0
632 9 4
711 6 2
1704 2 8
1260 9 5
596 6 4
352 9 9
613 6 9
357 1 9
518 0 5
1879 9 8
1701 0 6
1410 4 6
1039 9 6
1882 10 4
458 1 10
450 7 10
1460 3 7
427 2 2
1308 10 0
1285 3 9
696 2 2
774 1 0
843 9 1
1991 0 8
174 5 7
1100 2 6
966 4 9
466 4 6
1108 8 6
608 1 3
1162 2 10
1221 10 2
577 10 8
674 3 8
1075 9 1
544 3 10
443 3 1
971 7 7
423 1 6
1388 2 1
993 4 7
529 7 7
196 2 7
1527 5 10
1209 0 3
476 8 2
1823 7 8
1782 2 0
777 2 1
1797 8 6
951 10 9
1477 9 4
218 2 5
564 4 4
1706 5 10
1773 5 5
1986 0 7
1672 4 9
768 7 5
385 8 2
1425 3 7
1975 9 5
961 2 7
526 1 7
1342 5 4
970 1 6
145 7 1
1682 0 6
1940 3 9
227 4 6
640 7 8
1569 4 0
148 2 0
603 3 3
131 0 1
1382 1 10
397 0 2
1168 7 7
1684 0 2
612 4 0
304 2 2
467 4 2
838 0 1
1163 8 4
1356 8 7
1651 4 0
1934 9 9
1858 10 3
1479 4 8
1373 4 1
1820 4 4
162 10 8
161 8 5
1006 4 1
901 8 7
926 7 0
487 7 3
1541 2 7
165 10 5
713 1 4
1600 3 1
473 9 0
669 5 1
1267 0 6
1550 1 4
837 1 9
122 2 7
1958 6 2
1655 5 2
1126 7 2
1968 6 3
1921 2 3
1004 9 7
1793 8 1
1521 2 9
263 4 7
1024 2 0
550 0 5
1003 10 3
1243 6 7
1522 4 5
575 2 10
130 9 3
1951 5 1
434 0 8
1593 8 3
1987 2 10
1024 2 8
1136 9 3
1511 3 3
1212 7 1
1981 6 0
1836 1 0
1470 1 3
1710 4 4
1762 0 3
1765 5 8
948 8 7
913 2 6
1884 8 10
1639 7 9
1897 0 7
1054 8 10
1485 2 10
740 1 2
132 7 9
752 9 3
997 4 2
697 2 7
107 10 10
907 8 3
379 3 4
1177 3 8
1154 6 10
242 8 8
1208 10 8
1361 10 7
309 9 4
357 5 9
464 2 1
273 0 10
155 1 0
471 5 6
1855 0 6
1272 5 1
1358 1 3
828 10 10
1934 10 2
123 0 6
1096 3 5
1580 5 5
1129 7 10
306 8 6
975 0 5
776 7 4
785 0 6
105 6 3
1427 2 8
1442 5 6
1427 3 3
337 7 9
906 5 10
1370 5 4
1076 4 3
1140 0 4
792 0 3
302 4 8
975 1 10
1282 7 1
1830 3 8
1079 3 7
1802 1 1
1533 6 2
421 9 3
1280 1 9
1026 8 9
1371 5 6
928 10 10
1735 1 8
473 6 3
454 0 1
1444 2 5
395 6 4
771 10 4
313 2 8
1735 3 8
1400 0 10
1438 9 8
1729 7 10
1323 8 9
1173 0 4
1430 2 4
1659 9 2
1822 6 3
1791 8 9
503 7 0
1135 0 3
1908 10 2
370 8 9
1336 2 8
409 10 6
450 1 5
452 0 3
131 8 4
309 3 9
931 8 0
1002 3 9
412 1 9
756 0 9
1246 7 5
354 4 1
1177 5 6
907 6 5
990 2 10
1028 2 6
309 6 6
213 10 7
1954 10 8
1307 0 3
270 10 2
1395 6 6
1699 9 3
962 3 0
1036 3 7
680 6 3
1060 4 2
1603 3 10
891 6 10
1648 3 4
585 2 2
1573 3 9
1464 10 6
1980 9 8
1598 3 1
1233 9 6
1641 9 0
730 2 1
1714 2 6
1985 2 2
1095 4 9
953 7 7
1207 0 3
1622 7 4
506 3 4
1410 1 8
711 9 4
451 8 6
377 3 7
554 0 4
1986 8 10
520 7 8
1466 8 4
1569 8 1
1939 9 0
648 0 1
1749 5 9
986 0 0
1706 7 9
1894 7 7
646 0 6
1933 1 2
1169 9 4
813 3 9
1735 0 7
281 0 8
287 3 9
816 4 8
1960 8 9
438 1 0
935 3 8
464 3 9
1341 2 3
789 7 7
282 0 7
1521 9 0
1624 10 5
1851 9 6
753 4 2
977 4 7
1437 5 2
1382 0 8
1547 9 0
1832 9 8
1363 9 1
581 3 4
1057 6 10
1299 6 1
1567 2 1
1642 5 0
1458 6 6
885 10 8
721 6 6
1335 7 0
371 5 10
197 7 4
479 6 9
1772 0 9
1042 6 5
417 6 4
1732 0 2
1712 6 2
1487 8 5
377 10 9
243 0 3
769 5 4
168 1 1
358 1 3
1563 4 0
1868 10 1
978 9 7
154 9 9
1343 7 1
1554 2 6
1586 6 3
441 8 10
1449 0 9
1904 5 5
1781 0 4
1985 1 10
1161 10 3
1331 7 4
742 9 1
1166 10 10
1750 4 10
529 1 6
1950 1 3
310 0 4
1141 7 5
919 3 3
1221 6 0
1227 6 5
313 3 5
1394 8 6
1966 6 6
586 0 1
224 4 4
1594 0 9
613 2 6
502 10 7
216 4 10
731 6 10
1728 0 4
1981 4 5
982 5 7
586 6 6
1811 10 8
105 5 9
1278 10 4
1936 5 9
1693 2 0
1684 6 3
1802 9 0
791 7 2
1779 7 5
1264 9 6
463 1 0
1148 9 3
1037 2 7
309 4 5
1791 4 4
1644 2 9
1425 6 4
1606 7 6
780 2 0
1923 5 3
1873 10 8
1976 3 4
776 2 1
924 7 5
860 4 0
1447 0 6
416 2 0
824 1 2
1150 9 5
1808 10 6
1069 2 0
1525 9 9
799 1 9
721 8 2
1582 8 8
1999 1 9
137 8 4
1739 0 2
800 1 9
1163 5 3
182 0 6
1108 10 6
1464 1 3
1667 7 1
1660 2 9
1125 3 7
1994 1 3
1444 1 9
1159 9 7
1779 3 0
1335 4 9
924 8 8
252 7 7
1124 1 10
685 6 9
1828 5 9
344 6 8
1194 7 6
1585 7 10
842 7 1
348 3 5
1211 8 0
1603 2 10
1348 0 1
647 10 3
1502 5 9
1718 1 3
1305 7 6
1568 0 2
1622 5 6
1471 5 5
642 1 5
1438 3 0
424 9 6
1666 10 3
732 7 8
1087 10 2
626 9 0
322 2 2
1903 7 2
696 0 10
710 1 7
1664 3 7
1210 8 7
1554 10 1
413 2 1
716 8 4
1027 2 2
629 9 3
1701 4 5
670 5 8
1909 9 5
1548 7 6
1044 4 8
130 0 6
334 3 8
1542 2 6
912 10 5
658 10 5
1870 7 1
1441 4 9
568 0 9
1244 10 0
1565 3 6
1784 5 2
450 0 1
1665 9 7
1091 10 5
1905 1 8
1244 9 4
1262 8 0
508 4 8
785 2 2
1917 10 2
135 9 6
1376 0 4
1478 1 1
1489 7 1
1943 1 2
1066 0 8
1623 2 9
1632 2 0
489 0 4
815 0 9
1611 2 7
1300 0 4
1030 3 5
1390 0 9
1007 2 10
1773 3 3
1604 1 6
1270 3 3
1350 1 3
1590 3 0
1284 3 0
1597 3 5
1460 0 8
1581 3 1
170 0 7
792 5 6
1378 3 6
430 5 4
1796 10 1
1688 10 9
1285 8 1
1668 0 7
1958 8 1
351 3 2
299 0 5
1896 6 3
675 7 3
959 5 7
942 2 5
954 6 8
1099 7 9
1084 1 10
1804 10 5
633 0 3
1305 9 2
1847 5 7
1787 2 0
1472 4 0
813 4 1
864 5 8
237 1 3
1399 9 3
1442 9 3
317 1 6
312 9 9
627 1 0
909 0 9
1649 2 0
389 10 6
611 10 1
1583 4 3
519 9 7
651 9 0
187 3 10
734 1 3
824 0 0
1140 9 9
993 6 7
1758 7 8
1731 0 10
1823 0 7
716 6 9
1561 0 0
1711 4 0
335 1 8
1147 5 3
1160 3 10
1204 8 3
1829 3 6
1351 0 6
1581 5 5
518 5 4
1817 6 10
1617 10 8
126 8 1
1008 6 6
1441 2 6
1951 4 7
1469 10 4
1947 1 6
550 6 0
971 9 2
497 1 7
1706 8 10
988 9 3
1181 7 5
327 6 4
652 9 4
1523 6 9
638 7 3
1083 7 10
711 6 4
1689 6 6
924 0 9
1771 0 6
1163 9 6
1297 10 4
1743 2 7
1960 0 3
1605 4 3
1843 8 3
1836 4 9
163 3 3
413 10 6
558 3 8
1336 7 5
1899 10 4
485 8 10
1437 4 4
1282 6 0
692 8 6
1056 10 8
668 7 6
1885 0 3
1655 6 0
1717 6 4
664 10 2
1227 6 3
334 9 1
1542 10 8
1555 6 6
1696 9 2
1791 2 7
1717 7 8
1530 8 5
1654 2 8
513 5 4
595 8 1
977 6 1
472 1 0
823 2 4
1263 1 4
1263 10 5
1914 0 5
416 5 10
1616 4 4
284 1 2
1836 5 10
451 5 2
1755 0 2
496 2 2
295 3 7
373 0 5
478 10 5
962 8 9
1355 9 4
1343 4 7
683 2 1
1692 8 9
1607 2 10
567 8 6
1387 7 8
385 10 2
161 10 5
1137 3 4
1235 8 0
1709 9 4
1410 5 4
1631 2 1
409 5 0
1710 9 0
1348 7 6
797 2 4
1598 6 5
1630 5 3
571 0 6
885 8 8
673 6 10
310 5 2
1508 10 1
1625 0 7
1567 1 1
1923 8 6
1617 1 10
145 6 3
116 6 6
886 1 1
1464 0 4
1299 7 6
837 3 7
456 1 4
1407 9 10
211 6 6
1072 10 9
1740 9 6
1790 0 5
950 1 2
1329 10 4
1526 3 4
1457 0 6
1397 0 10
361 4 4
1607 3 1
1030 10 9
121 2 0
1567 4 4
1947 8 6
1536 1 8
1960 6 10
1232 4 5
181 2 4
248 7 7
697 0 10
1203 8 9
573 3 2
1369 10 7
1684 3 9
632 10 3
512 4 1
1419 5 8
590 8 4
815 2 5
386 5 1
1647 5 8
524 4 9
817 10 7
410 2 1
1241 8 6
494 4 9
548 5 8
794 7 0
448 6 3
1709 1 2
235 2 1
1121 10 3
413 5 7
1289 6 0
1191 2 5
1026 8 1
593 10 6
1886 8 3
1159 8 0
1082 2 1
372 9 5
1770 10 6
944 2 2
1489 5 0
549 9 6
717 7 6
194 2 3
1274 8 4
1996 6 10
1311 1 3
1632 1 4
1085 6 3
443 0 4
775 4 8
906 1 4
724 4 4
1288 9 9
576 3 3
1004 3 6
562 5 0
1517 7 2
371 10 2
1657 1 4
1816 5 1
911 2 0
1377 7 4
1811 4 10
1694 2 7
221 8 5
364 0 7
1698 9 4
410 3 1
225 7 4
1693 10 3
1909 7 0
260 2 5
1530 7 10
656 0 8
1822 4 0
776 7 0
1774 6 7
421 8 0
1574 10 9
1396 6 9
850 4 2
350 0 9
349 4 9
1162 1 4
1488 7 1
1699 3 0
1649 4 1
720 10 0
1937 0 9
1624 10 9
321 10 9
1477 10 5
1732 6 8
1168 3 7
1994 4 6
467 0 2
1319 10 10
284 5 1
984 6 5
491 8 5
1454 4 1
244 1 8
1646 2 5
1954 8 3
518 3 6
876 5 7
451 1 8
631 0 0
544 8 8
277 4 7
1706 9 10
1448 3 3
1007 0 10
689 10 9
1252 4 9
675 8 3
1120 3 10
455 7 6
1236 7 7
1380 1 10
1326 3 9
1975 1 10
1303 3 2
144 0 2
1518 10 2
101 3 9
1742 8 4
1621 6 1
1926 5 2
928 4 6
1142 1 2
258 7 10
331 2 2
697 5 1
1368 7 1
979 8 8
423 8 7
667 4 4
365 6 4
645 9 2
570 5 7
1676 3 6
550 6 7
1496 0 2
1701 8 8
733 4 10
128 0 9
963 7 7
921 8 4
1513 6 6
787 10 4
1915 10 1
1016 4 1
1984 10 8
1871 3 0
1406 5 7
903 4 7
477 5 9
1391 7 4
1708 10 9
1679 8 3
862 2 4
630 7 6
1446 0 4
1190 8 5
868 7 2
556 6 9
259 2 0
526 7 4
1712 3 0
118 9 5
1313 7 5
793 7 6
306 3 8
582 4 3
883 6 2
598 5 9
227 7 7
984 0 7
501 8 0
1443 10 3
306 8 6
1746 10 10
1367 6 9
872 6 0
1862 0 6
1527 4 1
1944 4 6
1997 1 8
212 8 5
896 4 1
923 8 0
128 8 10
1413 0 1
1845 2 8
561 0 1
1871 6 5
182 4 8
1542 7 0
1304 8 3
1251 2 8
474 3 9
553 3 8
1935 1 4
1568 2 0
1231 3 2
1182 4 8
248 9 8
1312 5 4
576 10 9
1539 9 0
833 3 9
1249 5 3
863 0 3
211 10 0
453 6 3
1069 7 10
1499 9 7
1413 8 3
699 5 7
490 0 9
1562 5 4
985 2 4
523 3 6
974 7 10
1646 7 5
922 8 10
1960 2 9
1874 0 7
946 8 2
705 1 10
1230 10 7
486 10 2
430 8 8
1897 3 3
524 6 10
988 7 10
393 7 7
410 2 2
342 2 7
876 9 7
1395 8 9
339 7 7
1135 1 8
802 3 5
881 9 7
234 7 6
1454 8 0
741 7 9
781 6 1
1813 3 0
848 10 3
1437 1 9
663 5 0
777 2 4
1665 6 0
1892 1 4
969 1 4
370 8 2
856 10 6
349 4 3
750 3 9
730 8 1
1467 5 8
1601 6 7
1246 7 8
988 9 9
783 10 9
153 3 3
1958 6 6
1299 0 7
115 3 4
906 9 4
1576 10 0
280 3 10
1449 8 4
1467 7 0
864 5 6
1503 10 7
657 3 9
1313 1 6
1597 1 6
1463 3 10
1088 0 0
1259 10 8
981 1 9
645 1 10
1135 1 6
1057 9 7
1077 7 1
1768 4 5
1981 4 1
488 4 10
684 3 10
1966 2 8
488 7 3
1670 5 3
1618 6 10
1075 7 5
1632 10 0
1847 9 8
388 0 6
1348 4 5
1748 6 3
1889 0 5
911 8 10
938 2 4
816 8 10
311 3 0
1651 6 0
716 6 2
1672 3 0
1096 7 7
691 9 0
251 4 2
220 1 3
934 8 4
1685 6 7
371 4 9
1765 1 1
749 7 9
1820 9 9
307 7 8
552 10 5
1301 9 5
959 6 1
1590 5 5
1071 4 6
724 4 5
1373 1 0
102 2 7
413 9 8
1557 9 3
1745 3 8
1557 6 9
286 0 4
335 10 5
1903 8 8
1849 6 9
1682 0 1
1583 3 9
400 8 2
740 10 10
1144 7 0
144 1 4
1158 5 2
1723 7 10
179 6 7
276 1 6
581 0 4
1440 10 8
597 10 9
197 5 4
613 5 5
1726 2 7
262 5 2
1157 6 8
1341 10 6
972 7 6
1527 9 1
1286 8 0
1153 5 8
312 4 10
1448 0 4
545 0 2
608 6 3
1825 7 10
700 1 10
1685 8 10
130 6 4
596 9 5
1569 10 5
867 4 0
480 5 10
672 10 7
179 7 1
1501 0 5
1393 7 3
171 3 7
1639 8 9
1279 9 3
829 10 3
133 8 9
1281 7 1
1011 4 10
1030 8 4
1087 3 7
1329 5 3
674 7 0
1354 10 6
488 5 4
240 10 10
1251 8 5
1680 7 9
145 9 2
252 4 6
529 3 8
1334 9 6
1454 6 3
1674 6 4
1634 1 4
196 0 0
1527 6 8
1446 4 1
247 9 5
1113 8 8
268 8 7
479 0 2
1420 6 10
128 0 6
1050 1 8
274 8 3
352 9 7
1597 0 8
457 5 6
526 8 6
1862 1 5
1989 6 7
481 3 0
554 8 5
1167 4 7
137 3 6
1011 9 10
992 6 2
320 10 8
1533 8 3
1284 7 7
724 1 0
411 1 7
1641 4 5
985 8 4
353 0 2
1756 1 7
1372 7 2
733 2 0
813 8 2
1480 3 6
708 1 7
1365 2 7
1746 10 1
362 7 0
1944 1 9
282 8 9
513 1 9
764 8 3
1352 2 10
803 0 0
1250 3 9
1276 5 2
1565 5 2
1903 8 5
340 10 2
1358 9 0
422 4 4
1363 8 4
1974 0 10
1240 8 8
1979 1 1
1261 10 5
816 3 5
1768 7 10
214 1 3
1961 0 1
834 5 2
708 6 8
1008 0 1
1782 9 1
1664 7 4
684 8 9
1697 2 0
1502 6 0
1983 6 10
1108 0 6
954 7 10
1988 3 0
958 9 4
711 6 7
1599 7 8
1546 1 8
1354 5 5
1774 9 3
445 7 2
234 2 7
1837 4 10
768 7 10
479 10 6
196 3 9
1351 3 7
1667 8 1
1019 9 9
1495 5 5
166 5 9
518 5 2
1466 1 2
836 3 8
214 10 7
1462 5 10
995 0 5
584 3 3
1441 3 5
1731 6 6
160 8 2
1751 10 4
1991 3 1
1912 2 1
178 8 8
876 10 9
1186 6 2
105 9 1
1521 2 10
990 10 9
1129 0 8
1148 3 1
1233 1 0
1964 4 3
307 1 6
1940 0 4
908 10 3
1811 1 4
1124 9 0
1048 4 8
1923 4 8
893 6 4
1777 0 4
1329 7 1
1956 10 1
427 5 8
1119 6 5
715 5 5
347 1 6
986 2 5
489 1 3
1267 6 3
1134 9 6
1710 10 1
110 3 7
1940 0 4
671 3 9
932 6 1
1475 10 5
1353 10 5
100 3 9
488 10 7
1884 9 9
289 7 1
1844 6 1
1937 2 7
636 6 5
1175 4 2
1197 8 5
1006 3 6
220 5 5
760 1 9
1531 1 10
968 0 4
802 0 3
672 3 9
504 3 5
509 10 2
1968 5 9
1188 0 5
108 6 7
1803 7 2
610 7 6
196 5 4
238 4 1
450 10 3
915 2 9
483 5 10
272 10 7
1708 3 4
1742 9 7
1821 7 9
1406 2 3
141 3 9
728 0 7
1228 0 8
136 2 7
1238 2 8
1692 9 8
1170 0 1
1848 8 5
973 3 1
1713 9 4
1687 8 9
1131 1 3
882 2 9
1058 8 7
1367 2 7
450 4 0
424 8 2
492 1 7
683 5 3
1776 6 5
1697 7 7
1772 10 5
977 1 9
1832 2 6
1357 9 6
734 7 7
841 3 3
1028 1 9
352 10 6
325 1 5
798 2 10
217 0 5
1111 1 10
1540 2 5
311 7 6
1892 4 6
716 8 1
1137 10 5
1706 4 8
1090 1 9
1337 9 1
352 8 6
1002 6 6
269 1 6
350 6 1
1307 2 10
1392 5 7
796 6 0
1841 10 2
700 4 10
1552 2 8
922 4 1
1362 8 9
1882 4 7
1268 6 8
487 6 4
1222 2 6
867 5 0
1945 6 4
200 2 3
1088 3 4
1835 6 9
440 5 7
1592 4 1
265 9 7
108 2 8
1056 7 0
1085 9 9
275 8 2
238 7 8
1885 3 8
412 0 8
1779 5 7
1907 3 6
555 3 2
1125 4 4
1965 2 1
1970 7 2
1824 1 7
162 3 0
565 2 8
383 1 9
1039 4 6
1995 3 10
1231 1 2
920 4 10
106 6 3
1350 8 0
1542 4 1
1286 7 5
134 7 5
1091 7 5
471 9 0
238 10 6
1064 8 4
261 1 9
1615 3 7
683 8 3
1717 3 3
1928 9 4
1620 2 0
1299 9 4
1994 6 6
1417 7 3
644 7 5
1926 10 9
814 0 5
1550 5 5
1775 5 0
1082 4 9
601 2 2
486 6 9
109 4 0
881 6 6
232 1 4
1786 3 1
1332 1 8
920 7 7
360 0 5
1083 1 5
1684 7 5
1399 6 2
1461 8 8
567 2 8
1732 0 2
1927 5 7
872 2 1
543 10 8
1187 1 3
1304 1 3
472 4 10
164 3 8
1479 9 4
1722 3 9
336 6 8
857 1 2
943 7 7
281 2 2
1503 1 4
753 2 10
651 6 4
1766 5 2
926 5 5
1681 3 10
476 5 5
1674 2 10
907 10 7
1765 4 10
451 0 1
1471 1 10
728 6 7
392 7 5
459 7 5
575 3 8
1889 5 2
414 6 7
743 5 6
422 0 6
502 5 2
1393 7 7
280 3 8
1530 5 0
1192 9 5
313 3 10
799 3 5
872 0 8
340 10 3
340 2 7
1712 3 6
460 9 5
1666 2 4
1986 6 7
1306 10 6
1328 10 6
261 5 6
1220 1 7
1898 2 3
1685 2 4
1125 5 3
932 0 3
1014 7 0
1327 10 0
930 10 10
1071 5 7
1595 4 1
188 8 0
536 1 3
1945 4 4
1373 8 3
323 9 6
912 0 6
1476 8 0
1295 8 10
1632 9 6
644 6 9
720 8 5
244 10 5
199 9 4
1031 3 3
628 8 9
1868 4 3
1660 5 6
329 10 10
1995 6 0
694 2 3
1804 5 1
608 6 6
958 10 0
1138 0 5
343 1 0
331 4 2
215 8 5
1359 2 0
655 7 3
260 5 7
1615 1 2
1229 10 7
1189 7 4
767 3 10
1875 7 0
892 6 6
1935 4 9
1006 3 7
1606 6 3
1953 2 1
1678 6 0
715 4 4
536 9 9
831 4 1
1961 10 10
741 10 0
1379 6 1
932 7 5
1346 8 0
334 1 2
1777 10 0
894 6 4
1373 3 5
840 3 10
100 10 7
723 7 0
1643 10 6
510 8 7
590 0 4
1322 10 7
454 9 0
110 0 5
1099 4 0
632 1 1
1424 7 9
462 4 3
1677 8 4
1849 2 10
987 2 10
167 8 9
472 6 0
227 5 1
1751 3 7
1799 0 8
690 9 7
410 1 8
109 4 8
733 5 8
1459 7 3
394 6 9
970 8 6
242 1 0
1149 6 1
1781 0 0
1974 5 2
1472 4 5
1372 0 1
876 2 7
250 2 2
1970 6 0
292 6 5
1694 7 2
1218 10 10
297 6 1
1479 1 9
1595 3 5
1400 8 7
524 1 8
1463 0 4
947 1 3
1263 9 7
976 10 4
137 9 3
1095 9 3
1898 1 6
1534 8 3
935 1 0
502 7 1
231 10 0
554 6 5
587 10 0
1462 5 0
1319 8 7
537 3 3
1874 6 4
1089 9 4
393 2 6
690 6 3
1205 4 9
761 7 5
1412 6 7
1952 8 0
262 8 6
1031 10 1
678 7 0
1047 8 1
1959 10 10
111 8 0
1162 1 6
1977 4 1
1338 10 5
1108 7 7
102 1 5
349 4 9
1690 5 0
1368 6 3
1259 9 10
581 3 2
1336 1 10
1509 5 1
1616 3 7
487 10 6
482 9 10
1561 8 8
1275 6 6
1078 1 4
1881 10 3
403 2 9
1481 7 4
503 2 5
420 0 4
1115 4 0
1463 4 4
678 8 6
375 2 4
1097 3 5
1495 3 3
1244 10 0
1576 0 5
1859 9 9
1112 7 3
392 5 9
1941 6 4
826 6 1
542 3 0
1068 3 5
1447 1 6
266 5 8
445 7 1
155 10 3
797 6 8
1743 5 10
301 2 5
1470 6 4
1901 2 3
1302 9 6
1297 6 3
1227 10 5
1748 6 4
516 5 1
195 10 4
738 4 0
1460 5 10
231 2 6
207 1 8
862 7 9
1439 2 2
1078 10 6
1416 8 3
934 10 8
1818 8 4
595 2 10
1526 8 6
514 1 7
930 8 2
1848 7 1
1494 2 9
1386 2 9
1161 4 2
834 10 3
1455 8 0
640 9 8
899 5 5
1969 7 2
1711 6 2
1962 0 9
517 4 10
1766 5 10
354 1 4
860 4 7
1398 4 6
784 5 9
1594 4 1
1587 4 2
525 5 1
1303 9 6
1845 2 9
1909 10 5
1685 5 5
895 4 5
1360 7 7
1137 6 0
639 2 7
1133 0 0
925 0 6
1375 7 7
1557 0 6
536 8 5
310 0 9
1662 10 6
146 8 1
1204 4 9
468 1 8
1797 0 6
736 8 2
1878 3 9
1769 9 10
1303 10 8
463 8 6
273 10 10
293 0 6
1325 7 6
1817 2 3
890 1 9
1807 1 2
1310 8 10
1697 3 2
1233 3 8
1925 4 2
1810 7 6
1109 8 10
1041 0 2
890 3 3
954 0 4
406 6 3
166 2 9
1241 2 8
1162 3 1
1679 3 7
247 3 3
1437 4 6
1401 7 0
1822 1 5
857 1 4
1625 3 3
1520 2 4
804 3 4
948 10 1
1454 6 10
417 2 7
435 5 2
1869 1 2
1353 10 2
1711 7 2
501 2 9
599 2 6
244 2 6
319 2 3
1971 7 10
715 3 7
480 10 9
1857 4 4
1205 6 4
1469 3 6
103 9 10
870 6 2
547 2 3
1895 7 8
173 2 0
1155 6 2
689 7 1
1725 7 4
335 1 5
1834 8 7
1836 5 9
1622 0 0
660 8 9
398 8 10
719 7 1
999 8 9
1662 0 1
190 0 0
406 9 10
849 0 2
1839 5 3
325 9 10
1774 4 8
1958 1 10
181 8 8
626 0 8
1656 7 10
324 4 2
1348 2 5
1566 6 4
1368 7 3
1502 1 1
1522 5 6
1460 9 5
1104 10 5
1842 7 9
666 3 9
643 4 0
1171 0 2
1867 9 3
602 10 4
996 6 7
392 6 5
509 7 8
1811 7 1
1220 10 0
1856 2 0
661 4 1
818 7 5
1980 1 0
720 5 9
967 10 6
814 1 4
1530 6 10
1980 7 8
1700 5 4
507 10 4
1825 2 6
757 3 9
877 1 8
1782 6 2
538 8 9
1946 3 1
1801 9 3
880 3 3
1925 6 10
1633 1 1
550 1 1
1877 7 5
1602 0 5
924 9 0
1816 3 1
656 8 8
1199 0 5
1750 8 5
1235 0 8
169 0 9
505 10 5
339 1 9
980 8 6
938 0 6
952 0 8
1142 0 7
1592 4 9
1486 10 2
1570 1 5
599 1 10
1067 8 8
580 2 1
1554 9 6
175 1 3
140 9 3
1111 2 6
603 9 3
1007 5 1
800 7 7
1131 8 6
1506 8 8
639 2 2
1145 10 9
1542 3 10
980 3 10
792 5 5
1585 3 0
809 1 8
1147 7 2
1077 1 8
171 5 4
943 6 3
1433 5 3
700 5 0
107 3 7
1465 8 7
1127 10 4
699 4 7
1689 8 5
1642 6 4
1737 10 5
308 2 5
1709 10 5
777 10 1
1459 3 5
1600 1 3
1074 6 1
734 8 1
875 4 7
1918 1 6
1081 10 1
749 5 4
925 2 2
801 5 0
996 3 2
1092 0 10
1222 6 5
118 5 2
677 0 8
416 6 1
543 2 10
688 4 9
1155 5 10
1814 5 5
243 9 9
1309 2 5
1955 2 10
1717 10 4
1190 8 7
801 0 8
144 0 10
258 9 7
1149 8 10
1161 3 8
648 4 4
512 0 1
462 0 7
476 10 4
760 5 9
1346 3 8
742 8 5
658 5 1
1163 8 10
1123 3 3
671 1 1
1146 1 0
806 2 10
1867 4 10
1803 4 2
664 0 5
1709 1 1
761 2 3
1850 7 8
1834 0 10
942 6 5
1770 10 3
486 10 8
511 5 1
903 6 0
834 5 9
1029 0 1
1015 0 8
1270 10 3
1853 0 4
630 10 4
1005 9 7
1319 5 4
342 7 9
1041 4 4
106 9 8
1933 7 2
462 8 0
222 3 4
460 4 2
1328 0 0
1050 9 5
718 10 10
1516 2 2
1814 7 0
414 2 4
1739 5 7
1979 10 6
1368 0 4
1675 7 4
1308 8 4
498 6 5
460 0 4
650 4 6
416 7 0
1970 6 3
1708 6 9
993 9 4
1210 8 7
1967 6 10
208 0 3
1669 0 4
831 1 7
1778 1 4
1876 8 0
1611 2 2
1627 6 10
490 5 2
404 7 7
523 9 6
1222 5 7
992 9 8
1013 4 6
829 3 4
1532 7 7
1958 5 10
677 8 6
896 5 1
1127 10 6
807 2 2
1475 3 5
966 0 9
392 6 8
324 7 10
1953 3 6
1189 1 8
1693 3 9
1159 2 7
799 0 9
1770 9 5
1253 3 1
214 5 10
570 2 8
321 6 1
743 4 6
1973 2 4
256 0 4
1041 2 8
330 1 4
869 7 6
795 7 10
1749 0 1
1111 7 10
372 5 0
266 1 2
1210 8 7
1015 10 3
1178 1 6
696 3 6
791 7 3
1386 5 7
1931 8 5
425 9 5
1441 8 3
1923 3 3
1554 5 6
564 9 6
541 4 2
458 2 1
1742 0 2
952 3 8
1078 6 9
1604 0 10
1031 2 5
1518 9 9
536 9 3
1773 2 1
1304 9 7
1977 2 0
110 2 5
978 9 5
1218 9 5
1756 0 3
132 5 1
171 3 9
594 5 8
1290 6 8
342 9 7
1680 5 1
1293 0 0
1060 2 9
976 7 1
1149 3 2
1115 8 5
579 5 7
1673 4 9
243 10 9
505 4 0
1411 9 5
332 8 4
1272 3 7
673 3 7
432 3 3
491 6 3
847 0 0
1670 9 9
944 2 9
250 10 0
1196 7 10
1480 1 6
291 7 6
833 3 6
510 0 5
322 8 7
1154 1 6
1237 8 1
673 9 7
837 1 2
529 3 10
1738 7 2
565 1 5
1247 9 4
1186 4 7
514 4 1
1837 9 2
1464 3 5
599 4 6
138 9 2
122 2 2
269 3 0
1307 2 8
806 10 3
529 0 5
1872 3 9
330 4 9
1479 0 4
833 2 0
762 6 7
1432 3 10
1735 2 10
630 4 3
1148 10 0
1672 4 6
1378 8 9
1064 1 10
1216 8 9
205 8 6
442 1 9
1837 9 1
1915 7 3
923 7 3
939 8 1
1062 1 4
658 3 2
1080 7 5
159 1 9
922 0 6
772 3 3
258 4 2
1592 8 2
219 1 8
218 2 8
924 6 4
854 9 0
1211 6 6
1675 8 2
123 4 6
1098 1 7
1706 4 2
943 6 4
1667 2 3
1318 2 2
489 2 1
1916 2 8
877 4 10
1325 4 7
555 0 8
1230 8 7
1068 8 10
1497 3 5
362 6 5
1239 2 2
679 2 0
1736 8 8
690 2 10
601 3 7
822 0 8
1606 2 6
1387 5 6
470 4 8
1193 2 6
1110 0 10
817 10 10
1807 1 2
1282 6 2
1410 6 6
758 4 2
540 1 6
1061 9 9
1853 6 0
1730 0 8
149 7 7
335 8 7
1205 5 8
396 0 5
447 8 9
639 4 0
1455 0 9
865 3 5
712 10 6
776 2 9
672 0 8
281 5 9
1955 3 7
358 10 2
1740 8 10
1014 0 10
1177 4 1
1264 4 3
1109 5 1
1128 5 9
351 10 2
398 5 8
1710 8 0
834 6 10
1661 7 8
1324 4 7
923 8 4
823 5 4
633 7 9
285 6 4
1982 8 8
1860 9 4
1550 3 3
267 7 0
285 6 3
1344 5 3
1509 4 5
812 10 1
944 10 3
1524 2 4
1835 0 8
618 0 8
830 1 3
387 2 2
958 5 6
1550 2 2
110 8 4
1209 8 7
1818 8 0
260 6 4
1582 2 8
1245 3 8
1085 1 8
242 10 10
1549 0 0
790 0 7
1428 5 3
846 9 9
1852 8 0
1700 5 10
1796 10 7
1387 2 8
662 5 0
1611 9 9
1443 5 3
759 6 6
1271 2 9
1038 6 9
538 10 1
1277 1 7
781 0 7
1553 1 10
111 0 0
1786 4 6
816 0 10
1025 0 6
615 3 4
1021 8 5
956 8 1
345 9 10
735 7 8
1266 1 10
363 6 6
678 1 6
715 10 9
1938 4 1
1045 3 7
780 6 6
1288 2 3
1680 9 7
308 3 10
229 1 10
1919 6 6
1250 8 9
114 10 2
1544 7 2
1046 9 5
159 2 8
419 0 0
873 4 2
387 0 5
751 7 9
237 3 9
758 1 4
1141 3 1
1399 2 0
1208 10 3
1355 1 6
607 1 1
831 7 1
244 10 2
297 6 10
1797 1 2
1246 2 8
1895 6 10
1516 3 7
114 9 6
1229 6 0
619 3 7
1302 1 0
1842 6 4
821 8 9
1415 7 1
1649 1 7
1150 5 0
1835 9 5
451 10 0
428 0 10
1928 7 10
1516 9 0
1353 1 9
1154 8 5
917 9 7
520 9 8
442 7 3
1427 6 4
1999 4 9
1955 8 0
391 8 9
1553 9 8
1040 3 1
1006 1 0
1600 1 1
1282 1 2
241 4 3
813 0 4
1056 5 3
1162 10 6
1371 8 4
451 5 10
1198 2 5
1383 3 5
1990 4 10
641 3 1
677 2 5
420 10 7
1379 4 8
574 9 6
875 6 5
504 10 0
202 3 8
1676 9 8
1156 1 1
1713 2 5
131 8 3
731 9 2
641 10 5
1685 4 0
1895 1 9
256 7 10
1529 2 9
447 3 8
1657 6 7
1472 7 9
1879 10 3
200 3 8
1040 2 4
1775 1 0
1821 5 1
1225 4 2
412 1 9
202 5 5
124 9 6
1393 3 0
931 7 10
1367 2 10
220 5 9
987 1 1
1916 4 1
1830 5 3
421 1 2
335 3 7
1569 5 8
618 2 1
783 7 9
1114 1 10
1449 3 0
1335 9 9
734 0 9
1051 6 1
1624 0 5
174 10 10
578 9 7
1646 2 8
1777 9 7
549 4 1
1892 9 0
190 9 6
988 1 2
248 7 4
226 2 1
1659 0 2
1299 1 9
442 7 7
667 7 4
796 0 0
1418 9 5
894 5 8
1545 3 9
217 5 4
1387 9 0
1570 10 6
1065 2 4
1530 7 3
1921 6 1
294 10 4
1210 0 1
543 0 1
1067 6 8
1851 6 7
478 4 1
1199 6 2
559 7 0
1851 10 7
928 7 7
1218 9 5
954 3 2
801 4 5
1126 3 0
727 1 8
1587 2 2
140 4 10
704 9 7
241 9 3
1916 6 4
420 1 9
1241 7 4
806 7 5
1819 2 9
1948 7 3
387 9 2
856 3 5
213 6 7
1046 5 1
150 1 5
1673 5 4
450 5 6
983 9 9
415 9 9
367 0 6
975 9 7
325 5 6
1716 5 10
1245 8 1
310 2 9
730 9 3
1492 3 4
1946 1 8
1497 0 4
1169 0 9
1551 3 9
345 1 9
1501 0 0
1269 7 0
1762 0 10
560 4 8
1643 0 10
1723 4 6
971 7 10
1539 5 7
594 9 1
598 4 8
596 1 8
1903 2 6
1494 7 10
1809 4 4
1899 6 6
213 10 10
1704 9 7
1761 8 9
1738 10 2
1334 6 1
1100 5 2
343 0 8
519 7 4
356 7 4
1500 9 9
580 10 7
279 5 2
1202 6 4
1903 1 3
376 2 4
1395 3 10
1740 7 8
1384 1 5
611 2 10
1328 10 0
1166 8 8
1077 7 4
773 9 7
867 9 3
1247 10 4
404 8 10
1978 0 9
438 1 0
1672 4 9
347 3 0
434 1 6
1394 4 7
1746 3 5
1540 1 9
873 5 4
883 1 9
829 1 8
440 9 10
1384 7 3
1003 3 1
1326 4 1
1514 0 3
1225 2 4
499 10 6
1150 6 9
539 1 8
1401 2 3
1260 3 1
1049 6 3
1795 5 5
405 8 10
1289 10 9
536 8 10
1316 10 1
1315 9 7
1532 1 9
176 8 2
1993 8 7
1980 6 3
174 7 4
1379 6 3
1003 2 3
891 7 8
187 7 0
739 6 2
1839 9 6
1538 10 1
804 0 4
876 4 8
575 2 5
169 1 0
519 1 6
1781 10 6
1873 10 7
1787 1 7
104 6 9
1515 2 9
1828 8 10
796 4 10
495 10 0
976 5 2
590 5 0
747 5 10
1657 2 3
174 3 1
583 3 9
485 7 8
1365 10 3
727 0 10
1314 7 5
473 1 5
593 10 7
294 6 10
214 10 7
1735 1 2
1483 4 6
238 4 6
493 1 10
257 4 8
1285 6 10
1707 0 9
543 0 8
670 0 3
1203 7 3
1366 9 9
736 8 9
177 8 0
431 3 1
1859 2 8
924 3 7
348 4 9
1970 4 10
112 1 7
1614 2 6
1456 6 5
552 0 5
924 1 1
529 3 1
681 1 6
301 8 6
876 1 9
506 10 0
1356 6 2
666 0 6
1845 9 6
1222 7 2
308 3 1
949 3 6
1408 6 1
874 7 10
196 8 9
122 5 6
1935 9 3
1155 1 7
701 0 9
638 0 7
574 1 0
1000 8 6
1235 1 1
432 5 6
285 1 7
245 10 10
1691 0 7
1108 10 0
1240 9 1
952 2 3
1393 1 1
1669 3 7
1188 3 10
882 5 7
754 10 5
1317 4 10
887 7 7
1489 0 1
1829 3 1
602 7 4
1833 5 10
330 6 7
532 2 2
1629 9 7
1392 2 4
1252 1 3
300 10 3
1730 4 10
1431 6 6
292 6 3
267 9 2
195 6 7
1302 1 3
1049 6 5
710 2 7
521 10 5
1973 1 6
1744 6 4
1912 5 4
488 2 6
982 4 9
340 0 0
108 3 6
1933 8 1
1820 4 9
1985 8 10
1345 4 1
1490 2 1
1220 2 2
1154 2 0
729 1 4
1081 10 7
1663 4 4
1979 2 3
815 1 5
1441 5 2
1466 8 9
1051 9 4
1798 8 3
1787 10 8
185 6 4
718 0 1
148 7 2
396 9 2
295 1 10
975 4 5
1618 7 10
296 6 4
558 2 3
1350 0 2
316 1 9
980 4 7
1013 6 9
1476 6 2
348 6 4
538 3 9
622 7 3
113 5 2
1449 9 0
335 7 10
1885 6 4
856 9 3
1443 4 8
1316 6 7
1535 4 7
1622 7 4
1143 6 6
1353 7 9
1931 2 6
1277 3 1
546 2 10
864 0 2
598 2 2
1514 8 9
1855 10 2
924 6 2
227 6 6
457 5 7
318 9 9
1862 6 5
1993 1 3
377 5 8
1743 4 10
728 7 10
1653 6 1
1393 3 3
1143 8 7
554 7 3
1816 10 10
1458 9 1
1377 9 5
150 5 5
1336 3 5
1216 1 1
1072 9 1
661 5 5
626 10 9
625 3 2
1438 0 8
586 9 6
195 1 6
498 3 4
1956 5 0
1356 3 3
453 1 10
556 4 9
1473 1 10
676 2 8
413 4 8
1342 8 7
1829 2 2
1744 1 5
238 2 5
1490 7 7
1708 1 5
1256 10 9
1521 1 0
1750 5 4
112 0 7
1478 1 9
1789 4 1
1716 5 10
1778 1 9
876 9 0
830 10 7
1151 9 8
104 9 5
1798 4 3
1866 2 8
795 5 3
1161 4 7
1103 4 4
1698 3 6
1649 2 1
827 7 5
897 4 8
385 8 2
536 10 6
1093 10 2
654 7 8
1402 5 0
1465 5 10
647 4 7
1112 5 8
225 2 9
935 10 4
134 10 5
1229 9 2
1005 0 4
104 0 0
454 1 4
274 2 8
1991 3 4
1719 8 1
1784 10 1
636 5 1
1557 2 0
1933 5 5
256 5 5
1876 5 2
1826 6 9
473 5 0
905 1 0
1141 10 5
1552 6 3
1263 7 1
850 9 5
1905 3 6
1799 10 1
1211 10 10
1571 5 8
650 1 9
519 1 6
1540 7 1
1343 8 6
1386 5 8
688 0 8
551 4 7
423 5 9
338 2 10
459 8 4
1190 1 9
711 6 5
1728 4 10
608 2 7
250 4 3
1321 6 7
1320 2 8
1244 4 6
1619 0 9
1793 4 8
159 2 10
1448 1 4
1176 7 7
191 3 4
1040 9 9
1723 3 3
395 6 6
156 8 1
1260 1 0
1328 0 7
1489 7 8
1990 2 1
156 7 4
1192 3 7
963 10 9
425 0 0
713 1 5
1580 1 3
612 8 1
687 0 5
1464 7 4
990 3 9
1382 1 5
395 9 6
1642 0 0
906 9 2
912 9 1
797 9 8
1563 10 5
1990 4 2
1699 8 8
1350 7 4
1005 7 5
1936 10 9
1216 4 6
417 0 10
1705 6 3
1872 4 7
1156 10 4
1418 0 7
1572 4 3
729 7 2
201 0 1
1245 3 7
124 7 1
1793 4 10
517 4 0
409 9 4
1069 6 4
1025 7 4
289 7 3
1338 10 0
720 9 2
774 5 8
829 7 9
1021 6 6
1190 9 7
1350 4 3
1273 4 7
544 8 9
317 4 0
1900 10 9
1716 6 1
1314 10 2
181 5 1
1349 4 0
702 2 5
1956 4 6
1954 4 8
1463 6 5
413 3 5
1764 8 5
1199 8 3
1016 5 6
1483 1 2
624 10 0
918 0 2
1986 0 6
1093 7 6
1311 8 5
1764 7 9
630 5 8
390 8 2
500 6 5
867 8 6
1045 4 1
1062 2 8
1206 5 4
323 4 7
199 3 1
396 6 3
868 2 8
1150 7 5
1658 5 9
1320 2 10
208 1 10
1658 1 3
542 9 7
687 4 1
1142 3 1
403 0 6
697 2 4
1941 8 0
1740 2 7
1655 4 4
255 0 8
415 4 7
772 0 9
1546 10 7
670 10 8
771 6 2
1005 2 2
497 7 10
1719 4 7
257 3 2
1887 1 8
1693 9 5
907 8 5
1453 9 8
792 9 3
203 4 5
1183 7 7
668 5 8
1710 4 4
1876 6 10
1895 5 9
1663 2 2
1317 0 8
1692 8 3
711 2 6
1959 8 10
263 10 10
1705 10 4
1574 7 1
1369 1 5
1275 0 3
518 3 4
801 4 5
850 3 7
1558 6 3
128 6 1
621 10 0
908 5 1
1570 7 1
1326 0 3
1155 1 9
592 0 4
831 8 2
1812 4 3
434 2 6
1069 2 4
870 9 10
127 9 3
1308 4 6
1601 2 4
492 6 8
1002 10 7
1384 6 7
1333 9 1
182 0 6
1939 5 4
654 9 8
946 7 1
832 3 7
891 2 4
523 10 7
593 2 2
756 7 3
145 9 1
675 8 3
198 10 7
646 1 10
1670 3 10
712 7 8
1770 9 10
1447 6 2
875 5 1
372 3 6
1339 3 0
1294 0 7
1369 8 5
584 8 4
1129 8 8
1792 6 8
395 2 1
511 9 7
867 6 5
1452 5 7
1566 2 5
847 7 7
1105 0 5
206 0 6
431 7 7
1376 6 1
1707 8 3
1991 8 3
1641 9 4
905 0 8
540 1 10
1458 3 6
483 5 2
228 2 10
984 1 8
192 4 2
1544 3 6
511 9 6
988 4 8
1237 8 8
717 6 7
1054 6 1
557 3 10
1977 0 8
1136 1 2
1903 9 5
839 4 9
1359 3 8
1725 3 3
1388 10 9
1188 5 9
1167 2 3
972 0 1
1695 3 0
619 8 7
1913 9 0
423 2 10
810 2 7
1366 0 0
461 9 1
593 2 5
265 4 7
1556 6 6
614 1 8
754 1 10
1698 9 3
1567 9 6
893 4 2
282 8 7
318 3 7
106 0 1
356 9 10
858 2 3
1264 8 8
112 1 2
938 2 8
1085 9 1
737 6 8
548 5 9
230 3 3
509 6 2
1786 0 10
360 6 10
1278 0 5
197 4 3
147 1 9
636 0 7
1925 9 4
1907 0 10
832 5 10
1500 2 3
1228 0 6
1089 6 8
468 0 0
1624 5 2
188 8 9
1475 3 0
1947 10 5
1634 2 5
111 8 0
1638 9 9
1892 6 6
1969 6 4
403 9 9
127 1 3
625 3 8
288 5 4
1685 7 6
1568 5 3
535 9 6
309 5 2
384 0 8
580 5 7
900 6 1
1939 3 10
585 9 8
1084 0 4
1499 9 3
803 7 3
1945 8 2
1116 10 6
1941 1 9
1081 3 4
223 10 10
997 6 10
1928 3 0
1191 2 3
618 5 2
1550 6 7
501 6 10
1952 10 2
833 2 9
956 7 7
252 0 0
1109 9 9
1000 5 9
131 5 1
1026 10 9
126 10 3
1356 7 5
874 6 3
322 5 4
1279 0 10
1925 1 3
862 6 3
274 8 5
1583 8 4
1154 7 9
1158 2 3
1349 4 2
1844 6 7
1021 9 3
552 4 2
1545 2 8
282 6 6
1661 2 4
1778 5 2
1178 7 4
945 3 3
172 5 3
557 1 1
523 9 1
1138 3 5
850 1 8
898 1 4
327 8 3
1287 0 1
1627 10 10
824 0 5
1393 1 7
1710 9 2
302 1 9
1699 2 5
1056 5 10
254 4 2
109 2 8
1556 8 5
1757 2 8
852 4 2
767 3 0
1725 5 2
1763 5 6
1258 5 0
250 6 7
1939 0 0
117 0 8
624 10 3
750 10 6
298 8 10
1661 8 9
1200 3 1
295 3 10
315 1 7
1789 5 5
936 8 1
848 10 6
1102 1 3
223 3 10
211 7 0
251 10 1
272 10 0
451 3 9
1541 5 10
663 3 2
581 5 3
1344 3 8
161 10 2
1306 6 3
1995 5 7
555 6 10
1181 2 9
859 2 10
1853 0 2
787 8 0
501 10 9
496 1 2
1862 9 5
468 0 8
182 8 3
921 6 10
1184 0 5
1282 0 4
1237 0 10
1843 2 3
478 7 2
143 7 4
1872 2 1
1450 7 6
574 8 4
1228 2 8
1612 7 10
260 2 10
365 9 3
853 8 0
347 3 8
1229 4 1
1795 1 6
291 3 7
1518 3 9
952 4 7
347 5 7
1253 2 7
658 2 6
1062 8 7
811 7 9
386 6 3
189 8 4
1597 4 0
456 1 9
444 5 8
942 0 7
359 5 9
537 1 6
1647 9 5
1419 2 8
1318 9 4
1610 9 8
1335 3 1
801 6 1
1802 9 2
739 1 6
1187 1 7
169 9 0
1630 3 4
672 2 2
766 10 5
1156 1 3
1216 3 10
928 4 8
1597 7 9
1303 6 5
1897 10 8
229 0 8
787 10 5
1055 4 9
1721 10 4
1063 1 9
1435 9 1
652 4 9
1540 8 10
1501 8 7
703 10 6
1414 4 8
1274 1 8
829 4 2
1741 4 1
1266 4 7
638 7 1
1862 3 2
1859 9 7
158 8 2
351 2 3
698 10 10
1854 8 4
357 10 5
1638 10 0
268 10 4
629 6 3
926 7 3
535 5 0
155 8 8
825 4 7
1427 10 7
1002 2 10
1624 3 2
1838 5 8
536 3 10
506 6 10
1506 5 5
1689 8 5
163 8 5
670 3 4
154 7 0
539 5 9
1133 2 7
1112 6 6
739 10 1
1386 3 10
380 2 8
192 2 4
697 4 10
979 7 8
998 0 9
786 4 3
1056 4 7
1758 1 10
1701 9 8
1792 0 4
413 8 0
568 1 3
287 10 4
264 5 9
1494 2 6
135 4 7
1627 6 8
922 0 8
1299 10 9
727 5 2
1939 3 1
645 10 4
1420 3 0
1540 8 10
107 5 3
1702 9 0
732 0 2
895 7 10
1271 2 0
915 4 0
1602 5 0
1993 1 2
550 5 4
1517 4 10
127 4 8
1311 4 10
1184 4 10
134 3 5
772 6 9
211 2 6
579 8 7
1068 6 6
150 10 4
1986 10 0
1132 2 5
607 8 9
586 4 1
555 6 3
366 3 9
172 6 7
1274 3 0
162 8 5
735 8 6
1786 2 1
1075 2 2
1765 6 7
278 6 8
439 9 8
218 3 0
1745 0 6
1920 3 9
867 3 4
158 7 3
1028 3 10
1463 0 10
1046 0 2
1799 10 0
1467 5 2
1512 0 0
921 7 2
1836 9 5
1101 5 6
1906 9 1
1290 6 5
782 3 7
822 0 5
1209 7 10
1168 7 2
1878 1 4
1037 1 1
110 1 9
305 9 5
984 9 9
1707 9 8
271 0 3
951 0 8
1712 10 8
1660 8 6
929 3 2
1487 5 7
1222 9 6
1169 9 4
887 5 2
457 10 0
1628 5 7
458 4 3
662 1 10
717 8 6
989 8 4
1975 5 1
1246 10 9
1564 6 9
716 8 7
177 1 9
152 7 0
878 7 5
1822 0 9
1967 4 9
194 4 8
1448 8 7
1880 1 1
1436 0 1
329 5 8
1816 7 9
1760 2 8
1356 9 5
1784 9 8
1211 7 3
1037 6 7
458 9 9
1462 0 9
1429 0 7
1624 9 2
107 7 0
1049 9 3
307 4 6
1737 7 4
326 8 0
635 0 7
1063 7 9
1760 8 6
750 3 0
1973 4 6
1984 8 9
1887 1 7
312 3 7
408 8 4
650 5 4
1417 0 3
817 8 5
1952 1 9
1331 5 2
749 10 7
1702 7 10
646 8 1
1372 4 6
1317 10 2
670 10 1
798 5 5
773 4 10
1863 10 5
923 3 2
177 0 9
1018 0 7
1755 7 7
296 3 3
870 0 5
616 10 7
273 1 2
1887 1 0
285 3 8
775 9 3
209 4 3
409 9 8
1210 3 8
1814 3 7
171 7 3
413 7 2
1530 10 3
994 0 10
568 8 9
992 0 0
1098 8 9
1788 6 8
1631 1 1
1193 8 2
884 6 4
810 9 7
1158 10 1
1727 0 10
1626 10 5
1407 8 4
1603 3 10
1259 3 5
503 5 6
354 3 5
588 4 6
1120 1 8
1295 4 0
499 6 8
1993 9 6
1023 4 3
874 9 10
960 7 1
1827 10 4
156 8 9
1381 10 0
229 6 10
484 8 10
343 3 9
1353 6 8
982 5 0
146 2 6
500 10 8
700 2 8
1054 2 0
611 7 3
1476 7 10
931 7 7
1490 1 9
1824 5 5
1485 10 4
1546 1 1
301 8 8
1624 2 5
677 10 7
496 9 5
1952 8 2
124 7 10
1868 6 10
1279 2 0
1756 3 8
450 3 1
203 7 10
620 5 8
1553 2 5
645 3 9
867 0 3
1403 3 8
1464 1 7
1970 8 3
1679 0 4
546 7 2
1389 8 8
1944 1 3
381 5 5
1781 0 1
1970 2 0
880 6 5
1307 1 4
1748 5 5
880 1 1
1641 6 2
1735 0 4
1170 6 10
1604 7 3
1981 4 5
662 6 1
913 8 9
575 5 2
988 7 10
859 4 3
1234 0 3
671 0 8
286 10 5
183 5 10
622 9 8
1820 8 1
482 9 0
970 6 1
1574 8 8
854 10 9
950 9 0
1842 5 5
1596 6 10
1115 6 0
1071 9 6
1408 8 3
1450 0 9
1803 10 3
1557 2 10
1400 3 7
1239 10 9
1436 1 7
747 2 3
1419 7 5
505 3 9
1707 9 6
1369 4 0
131 10 8
1191 6 0
1361 3 9
133 5 2
752 9 3
547 8 1
1337 0 4
1183 8 8
1149 6 2
1133 0 1
1419 6 6
550 1 7
1212 6 5
1307 10 4
1320 6 10
1974 6 3
322 6 7
1853 6 1
710 9 4
992 1 8
1950 1 1
1839 9 10
1558 6 7
1514 5 3
487 4 8
1272 8 4
1111 5 6
635 2 2
1890 5 0
975 0 1
1406 9 4
1185 0 10
161 1 10
124 5 1
917 3 5
664 2 4
408 0 0
1964 0 6
705 6 6
1278 4 1
607 5 6
1904 7 8
922 1 9
490 10 1
1658 1 0
532 8 10
880 4 1
579 8 7
1281 9 9
1802 0 10
901 1 6
509 4 2
1472 8 1
550 6 9
1378 7 2
1721 1 9
1590 7 9
560 7 1
237 6 1
425 3 9
1982 0 10
1424 6 10
973 10 7
1581 7 1
953 9 4
724 7 2
1826 6 9
412 3 4
1600 5 6
1368 7 0
795 10 10
963 10 2
1518 7 7
1211 0 1
707 8 4
1612 0 2
733 10 8
1995 6 5
1853 9 10
979 5 9
1010 10 1
885 7 6
1692 7 7
402 8 8
532 3 5
1069 8 3
923 5 0
645 1 5
381 10 6
1694 6 8
1067 9 8
1281 7 5
1610 6 9
1772 3 8
160 2 6
1871 4 0
744 10 9
1026 9 2
1677 0 0
1813 0 5
632 3 6
271 1 0
1804 5 2
1344 2 3
777 9 0
998 5 2
1866 2 10
271 6 3
824 4 3
1555 8 8
1326 10 10
1702 8 5
569 10 7
904 1 2
817 10 7
1176 4 6
686 7 6
627 2 9
1585 1 7
339 3 4
901 4 6
1403 6 10
1825 10 9
1887 0 2
1980 2 5
1124 3 10
215 7 2
560 6 4
1086 7 1
1673 10 10
1741 10 5
483 0 8
789 4 2
1039 5 0
1025 0 7
1776 7 5
651 1 9
1350 0 4
959 8 6
1805 9 4
1242 9 2
532 5 7
627 9 0
1270 6 2
478 10 5
1798 6 8
370 6 7
131 6 7
963 10 3
1318 8 5
1996 1 3
767 1 0
1157 2 1
948 9 0
151 9 10
953 8 10
914 6 10
642 2 7
304 6 5
1399 10 4
541 3 2
913 3 0
611 1 10
137 5 2
767 9 9
1705 10 7
1160 0 1
253 10 0
539 8 10
1456 9 5
1169 3 5
1904 4 1
1729 10 6
495 8 10
1614 8 9
1322 2 8
1563 10 8
1948 7 3
942 9 0
1579 8 0
1004 5 3
441 8 2
408 0 1
790 8 0
842 4 4
654 0 4
1761 7 8
1841 8 5
1341 3 1
1661 6 1
713 5 7
1130 7 4
1836 9 0
540 10 1
532 7 7
1527 9 2
399 9 9
1197 3 4
764 4 7
1958 10 8
417 9 0
201 7 6
1817 9 2
1806 9 7
694 9 3
1278 3 3
790 2 1
1264 2 6
489 5 0
447 10 0
1519 8 4
1502 5 5
1819 4 3
762 4 9
1452 0 10
1213 5 1
612 1 7
719 7 3
1690 7 2
468 7 9
1461 4 4
616 6 6
668 9 4
1644 8 8
1136 1 5
928 8 8
1258 10 3
1024 7 8
507 5 7
704 0 8
1949 1 6
517 0 3
1552 9 6
138 7 8
250 5 6
1375 9 8
1641 9 2
1132 10 7
1423 10 1
1095 3 10
1240 9 1
1363 6 3
922 8 8
1487 8 0
1711 2 6
1841 8 0
261 7 3
477 8 7
1857 0 7
211 1 0
1795 5 6
645 6 5
1493 10 2
999 2 6
387 10 0
251 10 2
1519 2 6
1171 3 9
1716 10 7
1877 8 9
1088 8 5
469 10 0
1320 6 5
1146 4 3
1680 0 4
1437 2 3
1236 1 3
1200 0 1
1540 2 7
100 2 3
1494 7 5
215 1 8
999 0 8
446 1 0
1928 0 6
449 3 1
1180 2 2
1107 0 6
1869 8 4
1214 10 1
1292 4 3
924 1 10
812 6 9
872 4 5
1190 9 9
790 1 4
1660 8 9
783 6 2
1990 5 3
1902 7 1
1533 4 7
537 1 10
829 0 0
1470 4 0
1653 2 0
1724 0 3
517 2 3
866 1 4
1684 2 7
1627 3 0
1524 1 2
1678 8 2
1698 10 9
1518 1 8
835 4 5
830 8 7
1489 10 2
126 2 10
1444 6 3
1171 3 8
1638 8 1
1780 3 1
757 8 8
399 6 5
1751 3 10
1511 5 9
1090 0 0
682 0 5
1279 0 6
366 6 1
1259 6 7
1776 7 7
845 1 5
555 6 6
936 10 2
687 7 5
245 6 0
1730 0 6
1951 7 8
1776 9 7
946 1 1
690 3 7
1764 6 6
989 10 0
1190 7 3
328 6 4
591 10 2
1115 3 8
1229 1 4
354 5 10
1792 5 10
923 8 1
835 4 4
814 4 8
336 3 8
658 6 2
515 10 10
713 1 8
1242 0 9
289 9 1
1004 1 10
595 3 0
759 9 5
1236 4 4
123 9 3
1619 10 2
1046 0 0
797 0 9
228 6 0
611 2 3
1185 5 1
723 10 3
171 8 9
211 3 9
786 2 6
1396 9 2
1708 3 2
391 3 3
1882 5 10
1552 9 2
955 9 2
767 5 10
1520 10 4
1396 5 7
291 2 5
551 4 3
1426 7 1
745 8 3
1518 1 9
601 1 10
1570 7 4
1942 0 6
561 7 4
556 0 10
1485 10 8
1232 2 1
162 0 3
1247 9 7
1288 3 4
1020 7 3
1692 5 8
232 0 10
679 1 4
622 2 1
915 8 0
969 9 0
532 5 9
374 8 10
1851 3 3
1379 3 1
1255 1 5
1250 3 7
1546 0 1
985 8 2
660 6 3
937 3 10
645 9 3
394 7 4
642 4 4
1302 9 3
827 4 1
997 8 2
321 7 4
1339 10 0
700 9 4
157 0 4
1753 8 2
1943 0 9
1761 4 2
1240 10 2
1551 7 8
314 1 6
1866 10 5
279 2 8
1767 2 9
754 3 0
1703 2 9
1420 8 4
436 2 9
717 6 5
1193 3 7
1989 5 9
1086 1 9
1960 10 5
1714 3 6
1787 0 3
743 9 9
857 3 5
1948 2 4
979 5 5
1476 0 4
604 0 7
1431 6 3
730 8 5
465 3 7
1877 3 10
1127 3 3
852 4 7
1481 5 10
750 2 2
1052 10 8
575 1 9
442 9 8
1858 3 10
648 0 4
646 9 4
1940 8 7
371 2 0
1512 10 3
752 8 5
151 5 4
1036 1 1
1941 7 2
1886 1 9
729 3 7
538 0 7
1057 10 4
762 2 6
937 9 7
640 10 0
191 7 7
749 3 1
347 8 10
1857 2 6
1874 8 2
1239 6 3
1330 5 2
1958 0 6
1953 3 10
485 0 10
1891 8 6
1025 5 3
1192 2 1
1723 10 1
952 1 1
1743 7 1
1431 0 6
138 6 0
370 3 10
390 0 7
681 1 8
1582 2 3
213 8 2
705 9 5
1691 6 0
413 7 6
124 7 6
1419 3 1
742 10 7
1711 10 8
1314 10 8
1321 10 6
345 4 4
1494 8 0
520 4 6
635 4 10
1116 8 10
1653 0 3
1634 7 8
689 2 7
1140 2 3
1938 5 6
459 7 10
1392 8 1
1440 1 7
1675 8 6
411 3 5
656 4 7
991 5 7
363 1 2
1563 3 8
1544 3 10
497 1 10
1599 4 0
1077 4 6
929 7 9
1036 5 8
460 10 5
1568 9 3
1809 8 7
1604 7 5
1535 10 1
1506 0 7
1508 8 10
1118 10 9
964 3 6
1835 7 3
1714 6 10
631 5 2
346 8 1
1458 1 10
119 3 2
269 7 10
1867 9 2
495 0 6
456 2 3
347 5 3
1516 7 1
1834 9 5
1163 2 6
233 2 9
1795 0 5
1903 2 3
1769 3 0
1057 7 0
1032 10 5
266 4 6
258 1 7
930 2 4
1211 1 7
166 4 2
760 1 9
402 5 5
1664 4 7
462 1 0
731 9 0
876 6 0
1829 8 1
1980 8 2
1504 2 8
257 2 7
1014 0 8
1213 2 3
1612 10 5
1102 6 4
1622 2 5
1165 0 4
992 10 6
531 2 10
349 5 0
1186 0 2
179 8 9
936 9 4
1053 6 6
486 1 2
1299 5 5
1782 5 7
657 10 2
1408 1 10
824 8 3
969 4 0
1251 3 4
379 0 1
1459 1 5
240 1 7
1522 7 3
1623 10 8
1685 3 10
794 2 6
1627 7 8
1538 5 0
1118 1 5
1742 4 5
1926 3 5
481 4 0
215 10 5
1010 4 6
252 2 1
1082 3 9
1561 9 5
1609 8 4
733 7 5
1039 9 3
1699 8 7
824 1 8
1485 5 3
282 0 10
1504 8 1
675 9 9
400 1 2
1870 8 0
512 1 3
390 2 1
409 8 5
1881 9 8
1235 4 0
619 6 5
969 1 8
1842 6 8
112 8 5
964 4 8
551 8 5
682 6 10
1693 5 6
1774 7 2
1393 1 3
1195 8 7
1513 7 3
1044 6 4
885 0 7
898 10 4
1294 9 5
1787 3 1
1486 0 10
1763 7 9
1338 6 3
579 10 9
1839 2 10
694 0 5
1637 7 6
445 9 2
902 10 0
1674 7 5
1789 6 7
688 5 2
1186 6 2
1816 6 2
437 9 1
1948 9 10
1247 8 10
1093 4 8
939 8 7
1431 6 0
424 4 4
347 9 6
348 8 9
1913 7 1
193 7 1
1458 3 7
1622 8 9
101 4 10
1885 3 4
1200 4 1
323 5 8
533 3 1
479 9 1
1792 2 4
109 7 10
1628 7 6
1046 10 2
219 0 10
1027 10 6
445 4 0
1757 7 3
611 10 8
921 7 3
1556 7 3
1041 8 0
548 3 9
316 10 4
1689 2 5
1054 7 0
1417 5 1
1782 10 7
1079 3 9
452 0 1
363 7 7
621 8 0
1705 1 3
1062 8 7
1051 8 6
1878 5 1
813 0 10
1831 2 3
610 1 6
1331 5 1
831 7 8
1101 6 10
928 7 9
1743 8 6
1484 8 9
387 4 7
1836 5 2
952 6 10
1822 1 5
912 9 4
444 8 8
595 10 4
1860 8 8
906 3 7
783 4 9
147 6 2
710 5 3
157 10 0
204 1 10
1738 4 3
1629 4 1
653 10 6
580 7 3
741 0 2
1587 10 8
439 7 7
662 8 5
1856 1 4
1899 3 6
1123 1 2
1110 7 0
123 0 0
300 4 10
383 8 8
1720 1 3
945 6 4
1059 2 4
1766 9 8
1363 7 1
1514 9 2
156 5 7
131 1 10
1554 6 0
998 8 7
1527 0 2
647 3 1
743 8 4
936 9 10
1466 4 9
1273 7 1
1893 9 1
1897 5 1
965 0 2
729 0 10
156 5 1
898 0 8
1440 2 6
762 9 2
1602 8 4
1865 10 7
1161 10 6
1050 9 3
1505 5 4
1990 2 7
899 9 9
931 3 1
978 1 1
341 6 10
439 8 10
1546 1 3
713 2 5
1274 5 7
1403 5 5
119 1 0
1526 7 6
1095 8 8
1918 0 7
632 2 10
1497 5 6
1349 1 4
182 4 1
807 1 4
1560 8 6
776 3 4
1296 4 8
1850 0 10
1391 3 6
643 10 6
1915 0 5
707 7 9
1277 7 0
1997 6 10
1183 6 9
142 2 1
815 10 2
539 2 9
287 4 6
1693 1 4
1283 6 8
464 1 10
195 9 6
1044 2 1
598 6 9
213 4 6
1568 3 0
1093 5 2
825 6 7
271 7 8
990 2 9
477 1 0
614 3 8
678 3 7
444 9 1
685 0 1
917 0 10
509 4 6
1656 4 2
445 1 9
851 7 7
1329 0 0
1726 9 3
1703 3 1
432 2 0
1977 5 6
1971 2 3
1022 10 3
355 7 0
1185 9 10
615 3 9
283 7 2
759 0 3
1379 9 8
1777 2 1
998 6 5
1538 5 10
460 9 0
1798 10 0
1247 4 3
528 9 3
876 5 6
953 4 8
863 10 4
1571 4 0
785 10 4
964 2 1
1204 6 7
276 6 8
311 0 1
1698 4 10
1180 5 3
1295 8 8
158 2 1
858 0 3
589 0 8
1155 10 5
638 6 7
347 4 4
1429 1 2
550 9 5
1213 4 2
630 9 9
1092 6 8
1373 10 0
1128 3 6
1704 6 6
1226 1 9
489 10 4
675 5 9
1573 7 4
957 2 4
618 8 5
1290 0 8
223 9 1
1925 3 6
1300 7 7
964 4 4
1150 4 1
1556 2 7
1289 8 3
1987 5 5
1603 1 10
931 9 5
1941 10 7
1471 9 2
1215 8 9
287 5 4
617 4 1
1648 3 9
169 7 1
645 10 1
109 0 10
1483 9 2
1006 0 4
738 7 5
189 5 2
571 10 9
1755 0 7
799 0 6
1857 4 1
1291 0 4
498 6 4
636 8 0
1827 7 3
258 2 4
792 1 6
234 2 4
670 9 0
1061 3 1
923 0 8
446 9 9
812 10 1
920 6 5
1110 3 4
667 1 5
1059 5 9
213 6 0
477 7 5
1394 6 9
1267 7 4
1332 2 10
1800 8 0
519 4 6
889 10 2
1333 7 1
298 1 3
1236 7 8
1396 10 7
1245 2 4
953 9 4
1959 3 1
485 10 6
424 4 7
1734 8 5
758 0 3
1276 10 1
1155 0 8
1700 7 0
624 3 10
1663 7 3
892 1 6
690 5 7
1927 5 2
1849 6 5
347 5 8
997 8 0
1768 9 5
435 8 10
1106 6 3
483 0 10
666 5 3
915 8 5
898 4 9
953 3 8
1959 10 1
1837 9 9
933 2 3
1630 7 8
1685 7 5
1439 5 10
543 2 4
1179 6 6
1902 7 1
822 2 7
835 4 8
322 7 7
1334 2 5
924 1 9
713 4 9
1004 4 1
1780 6 5
744 8 6
666 7 2
756 8 0
1316 7 5
1463 0 2
1761 10 8
1483 6 5
828 10 1
440 5 2
1072 2 9
1295 1 2
1688 1 1
1266 5 10
1007 4 9
1311 8 9
162 10 0
1022 8 1
1051 0 2
1540 5 0
1954 2 7
1677 6 9
366 8 1
1912 5 3
527 4 2
1544 1 2
1417 2 0
759 7 5
349 1 9
837 7 1
217 2 7
1765 10 10
1766 1 9
652 5 2
1193 10 2
1386 5 9
1290 0 3
1427 5 10
996 8 10
665 4 4
1142 7 10
1543 5 1
272 10 3
494 4 8
1433 0 1
154 1 0
1824 8 6
868 5 8
619 9 7
1180 4 9
459 4 4
1808 7 10
683 2 3
1317 3 7
159 9 10
605 8 0
734 6 1
1707 8 1
1626 10 7
1520 5 4
829 1 6
585 4 7
1312 10 4
1860 3 0
636 1 6
1296 9 1
761 2 1
1898 8 10
828 1 1
1434 4 10
212 9 1
1084 2 2
1354 9 4
956 5 3
512 8 10
619 0 2
717 5 7
1062 8 0
682 7 1
430 10 1
1716 8 8
191 10 10
524 0 2
996 10 9
1076 1 9
140 5 3
1640 9 10
1271 4 0
1714 3 9
1070 0 5
254 3 8
1291 2 3
184 6 8
1864 10 0
1307 9 1
1839 7 6
1093 8 4
1008 1 8
1198 2 8
573 9 8
316 9 10
784 7 9
1109 7 5
440 6 9
1663 9 6
618 4 0
597 10 8
612 1 8
423 5 7
1264 5 2
1076 10 8
1864 5 8
1959 5 6
153 5 0
1973 10 7
410 3 0
1512 1 9
1764 7 7
227 9 4
1659 0 2
1234 2 1
1272 4 0
562 6 4
1576 4 3
222 7 6
1561 6 4
1504 1 9
1177 3 2
1714 10 10
1152 1 7
1825 2 4
1095 1 6
1941 0 1
1617 1 8
1809 5 10
712 6 1
437 0 10
468 10 4
756 4 2
461 9 9
808 6 2
966 3 1
980 1 9
1014 9 10
941 0 10
203 0 7
651 2 6
291 9 2
787 8 0
1415 2 1
1042 4 7
711 7 10
1479 2 2
760 5 9
1942 9 5
1911 1 4
1122 4 1
234 4 5
357 7 2
1897 4 7
137 7 4
1327 2 10
994 4 7
1503 9 8
1380 1 0
1952 3 7
1922 7 1
801 4 3
299 2 1
1939 8 4
1895 9 3
297 3 9
437 3 3
1752 2 9
334 10 2
1978 7 3
1626 5 9
551 4 7
1860 8 6
1491 9 7
611 10 4
676 3 0
801 7 10
1296 1 3
1300 2 4
636 7 0
518 8 4
956 9 1
1011 4 6
891 1 1
605 2 5
965 4 7
1703 5 2
1261 3 4
1325 10 3
1828 1 2
1756 9 9
1953 3 1
597 3 0
1153 4 8
1281 3 7
1929 2 0
1389 3 9
1380 4 7
1687 6 3
863 5 10
791 10 0
1619 7 2
1645 4 2
1559 5 6
771 2 2
220 3 0
766 3 3
817 5 6
1648 0 8
1454 4 3
1761 4 2
1865 2 6
1511 5 3
930 2 3
476 2 6
1678 5 2
1856 7 4
724 7 1
1625 7 10
391 10 6
791 10 10
1872 0 2
584 9 3
1216 6 8
102 4 1
1265 3 3
776 3 0
513 1 6
837 3 8
184 0 7
1811 7 5
1866 10 1
834 9 9
275 8 10
1305 2 1
505 6 7
1566 1 1
694 7 7
1508 1 4
1155 8 8
1117 4 2
936 9 1
567 10 2
578 2 10
587 8 6
1556 1 1
1731 10 4
1851 3 3
238 2 9
1027 2 0
1942 4 5
1294 0 0
729 1 1
1741 2 9
1478 6 8
1654 8 10
1615 5 10
1094 1 9
1236 5 4
1631 9 4
1257 2 0
892 10 3
1763 3 7
625 6 5
874 3 0
796 10 9
1675 7 2
148 8 9
1187 4 5
1922 6 9
1899 7 10
215 6 2
313 4 2
961 5 9
1895 8 5
618 5 3
805 8 6
1902 7 10
163 6 4
1083 8 7
1209 0 5
1128 1 0
760 3 9
1737 6 7
236 9 9
1141 1 1
1046 9 10
1586 0 8
1632 1 2
1590 4 10
940 1 9
1872 7 0
1867 6 0
1072 8 3
1914 6 4
1290 10 8
1955 2 6
1449 6 10
1252 1 6
262 7 0
1834 0 8
288 9 6
263 1 9
1454 0 10
1343 7 1
1621 7 4
791 10 10
954 1 9
1602 1 5
745 1 5
970 9 10
770 5 0
1109 0 2
1886 1 3
791 8 1
1461 4 2
353 0 7
772 5 0
1596 5 10
1501 4 1
1353 8 10
1422 10 7
165 9 6
346 9 1
980 4 3
445 7 7
235 1 3
1432 1 10
588 1 8
1328 7 5
699 9 4
1372 7 6
1451 10 0
426 7 0
606 2 6
521 6 0
1981 9 10
1661 9 10
291 4 3
1595 4 9
906 1 9
1086 9 1
941 10 7
1847 8 9
470 9 5
1856 7 9
1012 10 4
961 1 9
1704 1 0
1317 7 1
1617 4 4
1994 0 9
270 9 0
528 10 7
612 1 8
1538 7 0
939 0 10
273 10 10
653 4 6
1338 6 4
1400 10 8
1808 1 8
1301 10 7
1932 2 6
1387 6 5
1886 8 6
667 9 0
897 0 6
813 8 7
956 8 0
1274 10 6
554 10 1
1357 0 3
1730 6 7
879 0 5
406 3 8
220 2 10
1716 3 10
713 6 10
1101 9 7
792 2 10
345 0 2
1500 9 3
1108 7 10
1502 10 4
1541 10 7
926 8 10
449 3 6
1513 6 6
1994 10 7
1303 8 9
1830 1 9
204 1 7
1752 10 4
1690 0 8
581 3 1
1269 4 7
1982 2 2
1078 1 2
1824 7 3
1540 7 9
825 5 2
183 5 10
1971 9 3
1335 0 4
846 7 10
1377 6 4
238 5 5
158 10 4
1545 7 0
1297 9 1
573 2 3
285 0 9
1082 2 2
1690 7 7
187 4 3
536 3 3
1134 6 8
921 7 3
593 10 2
1879 4 0
351 1 10
538 0 2
862 3 2
998 2 2
166 2 9
1673 7 6
1782 7 10
600 7 7
1397 9 2
1457 8 10
333 6 4
1192 4 0
607 3 4
419 7 9
976 2 4
814 6 6
592 8 7
942 5 4
614 10 2
1259 10 8
1005 0 1
636 9 10
1179 6 3
1319 10 5
894 4 6
938 5 2
1170 1 4
460 10 0
254 4 8
856 2 9
142 8 2
1357 10 8
1948 2 7
490 3 7
405 5 2
156 2 9
1669 6 7
180 4 5
1950 7 4
448 3 8
119 3 4
177 9 0
793 9 0
1041 5 5
824 2 6
934 0 6
1435 9 5
1006 7 5
1259 3 1
411 1 0
586 1 6
1979 3 7
755 7 5
1233 10 2
749 2 6
1069 0 8
224 10 10
1049 10 0
616 2 7
128 5 2
1567 9 3
180 6 10
1322 2 1
1881 4 9
261 5 8
423 7 5
1044 0 10
1366 9 7
1402 5 3
971 0 9
714 2 1
481 1 9
199 7 1
1400 9 9
1961 4 10
1158 7 2
328 7 9
796 4 6
1507 7 10
243 5 6
645 7 10
832 6 7
904 3 10
645 0 0
509 6 9
1527 6 0
1837 9 4
1043 0 0
326 10 2
808 1 4
667 9 8
281 4 5
662 4 8
1528 3 9
1370 9 7
435 10 8
849 4 8
383 10 7
1581 4 9
1427 1 10
1304 5 0
263 4 5
1300 6 8
1249 2 4
280 9 10
365 1 8
1932 1 4
790 5 4
1985 3 1
1125 6 8
152 3 9
1349 8 4
1254 10 5
1729 9 10
1416 3 10
1089 1 3
1064 3 8
527 3 2
1506 5 4
708 1 0
567 3 4
1925 2 6
850 10 9
338 2 9
918 4 0
1165 7 2
909 0 5
371 1 4
1823 7 5
1658 7 2
1793 9 7
1215 7 0
355 9 6
251 9 6
1418 0 6
435 2 7
110 4 6
590 3 5
1985 2 5
780 10 5
1679 5 0
1771 8 9
207 10 10
1227 4 7
1907 7 3
578 6 1
398 10 6
1685 8 8
763 8 9
1821 0 10
1287 7 10
1429 9 2
634 7 6
297 1 8
1250 5 9
848 2 1
1454 3 9
902 6 10
696 0 3
1694 1 7
1349 5 2
841 2 5
1914 7 8
275 3 7
422 10 3
1999 8 3
1836 4 3
1015 1 4
388 8 7
1750 6 4
541 5 5
694 10 10
417 0 6
948 4 6
872 7 0
533 5 4
1220 1 6
170 4 1
393 5 2
1171 5 6
498 8 4
1839 4 3
1403 2 1
613 8 3
430 6 7
1309 0 4
1920 9 5
1444 0 8
1070 8 6
1391 8 1
1470 6 8
732 6 2
1566 4 4
795 6 7
607 0 6
623 10 6
1865 6 7
1077 5 2
1896 5 9
1174 7 2
1716 3 3
1139 1 6
791 7 7
1415 5 2
1838 8 9
241 7 8
408 8 5
883 8 1
402 3 4
1726 10 8
1440 0 9
1570 1 6
1135 2 9
708 4 6
238 0 2
1959 6 10
869 3 8
690 2 2
1000 6 5
373 5 5
435 6 1
263 8 8
309 0 4
293 2 2
215 0 8
865 0 3
1220 1 5
1124 6 4
1110 2 7
389 3 6
1783 7 4
1533 7 1
1565 6 2
1166 5 4
892 5 4
1784 8 6
375 4 8
178 9 6
600 1 1
1925 1 7
447 0 1
1724 0 9
1558 8 1
757 5 6
1863 3 4
232 6 4
336 8 9
1523 2 2
236 10 1
297 5 2
1600 7 4
314 4 9
374 1 5
1153 3 6
1022 9 1
1496 0 5
1796 0 7
243 9 2
1294 10 3
1134 4 5
1112 0 7
1895 8 10
337 4 0
807 5 4
1536 10 9
815 4 7
859 2 3
279 3 7
480 3 0
1712 5 8
1184 9 2
872 6 0
1695 7 7
160 6 9
417 10 1
1005 6 10
1662 1 4
1024 3 3
1222 1 5
409 0 4
238 1 1
1981 2 7
1171 0 3
1545 7 0
418 10 8
636 7 6
1619 9 7
1082 0 6
1876 10 8
1718 1 8
1211 3 7
1064 10 1
639 4 3
708 4 1
1174 8 6
1122 3 10
805 5 1
1051 2 8
1780 6 9
1477 2 0
1026 10 6
958 3 9
392 1 0
1428 2 10
333 2 10
1548 1 10
586 8 0
200 2 5
547 6 0
1770 3 1
1676 3 5
1613 8 6
1571 3 3
1489 1 7
1288 10 4
1412 8 10
1556 1 5
1728 6 7
1095 5 0
753 3 7
1861 7 0
333 5 3
668 8 2
503 0 6
580 4 5
1551 4 6
799 8 3
379 2 2
1133 6 1
1897 3 10
1091 9 6
549 5 3
1388 3 0
1300 3 0
921 5 9
786 7 9
325 10 7
653 8 3
878 6 4
1828 4 9
138 6 7
630 8 2
1478 8 4
219 1 6
113 6 4
1139 6 4
1520 6 5
111 3 3
1995 0 3
1216 4 6
1464 0 5
752 8 0
1655 6 3
1313 10 6
1243 3 4
1464 7 10
590 7 5
620 6 0
754 8 4
499 8 2
1706 9 0
398 1 0
856 0 0
1540 8 4
1019 0 1
1173 0 1
228 7 6
646 9 1
1473 9 8
1870 1 4
497 2 7
1759 2 7
1755 7 3
1752 5 9
1604 1 7
650 4 6
1329 5 3
346 6 5
173 0 7
1017 6 9
194 6 7
1293 7 0
1317 2 0
1879 1 5
1057 0 10
1824 0 0
1443 8 10
1716 2 4
1399 4 1
1805 5 3
1644 3 7
1518 10 8
1496 8 1
354 5 6
1188 3 8
220 10 7
977 0 7
877 3 9
253 6 10
1296 4 4
582 5 5
1976 4 1
511 6 8
596 8 0
871 8 3
1638 0 4
1453 5 6
1687 2 6
1582 3 10
1743 2 1
845 3 4
1787 8 0
654 9 8
1868 2 10
1294 3 4
1963 3 2
956 1 0
1508 6 0
1157 2 8
353 10 9
940 9 3
1310 1 4
861 6 4
750 6 10
481 8 7
731 10 0
224 3 0
1324 1 6
646 1 1
1013 5 10
324 10 5
910 9 1
1438 7 10
1017 2 2
377 0 8
349 4 6
1527 4 0
1173 4 9
796 3 2
1918 1 8
1487 10 8
295 7 0
321 7 8
1442 6 6
937 5 9
1039 10 0
785 1 10
1585 4 6
623 7 7
910 1 2
1517 9 4
123 7 2
1816 6 7
1824 3 10
827 0 7
1834 5 7
543 6 1
1866 2 6
1205 5 5
177 5 2
526 7 2
1493 10 8
1434 7 1
171 8 2
161 1 7
660 0 2
1270 8 6
442 4 9
1395 6 6
415 1 5
332 10 6
916 6 2
956 6 6
1958 9 3
1939 1 8
704 1 3
1110 1 2
154 4 8
784 9 1
1502 9 6
1544 7 3
891 5 7
1038 5 4
1400 7 0
645 1 0
879 0 0
1549 6 9
1930 9 0
227 7 0
228 4 10
1214 1 1
1161 9 2
1544 4 8
1349 1 4
1112 7 9
1710 1 6
182 1 9
1028 6 3
1825 9 8
1670 0 8
1915 9 8
1619 1 9
1603 4 8
1756 6 7
372 9 3
1082 9 3
1711 10 1
1356 6 0
631 2 4
287 0 8
1277 4 10
883 8 9
1544 6 6
430 3 4
739 0 2
638 0 9
1510 10 2
439 0 7
1331 2 1
1470 9 6
1301 9 2
926 2 8
129 2 9
1396 2 10
282 5 6
433 1 3
272 4 1
1849 5 9
670 1 6
990 9 0
173 2 1
852 1 8
664 0 2
1382 6 9
1901 7 8
964 10 4
1235 3 9
1187 6 6
1086 9 10
352 7 6
1186 2 7
1557 6 0
1120 8 7
1553 2 9
1171 3 2
1410 0 7
909 4 3
765 2 4
1057 10 9
192 7 3
1550 2 2
1324 10 7
1395 8 2
1949 7 10
290 4 10
1706 1 7
1754 10 3
1283 9 3
1125 5 1
1486 2 6
502 3 3
1486 4 10
782 6 7
1756 3 6
1019 5 5
647 6 8
518 9 3
480 7 10
537 0 0
1253 2 10
164 9 10
946 7 10
1565 7 8
1290 1 5
568 7 10
287 10 4
610 1 9
415 0 5
510 2 5
604 9 8
230 5 3
1619 10 0
1841 1 1
1456 10 7
1780 5 9
1722 7 0
1641 9 9
409 3 0
946 1 6
378 1 3
611 0 3
1281 3 4
502 5 4
1059 6 9
845 2 3
695 2 5
563 2 7
847 5 7
275 4 8
1810 0 2
592 3 4
1185 5 4
1155 4 10
326 8 4
1430 2 5
749 9 9
1271 9 9
508 3 1
1228 4 7
341 3 1
807 10 6
377 3 9
971 8 5
1202 9 9
683 3 7
1240 6 6
704 0 4
1530 8 7
1013 3 9
337 0 10
1938 2 3
248 3 0
292 1 1
364 4 7
402 5 2
1212 10 3
1125 4 8
1444 9 9
774 4 8
1491 3 1
228 6 0
1786 10 4
1964 3 5
632 5 7
1304 10 3
328 9 0
1474 7 8
1502 6 3
1049 9 2
1724 2 4
1442 3 5
284 10 0
907 0 8
1980 5 5
581 0 7
1780 0 9
882 2 10
858 1 7
365 8 9
551 10 5
354 0 10
1425 2 4
1949 6 0
535 0 2
1083 2 5
1541 1 9
1481 2 10
1255 4 7
1569 5 9
1784 5 7
705 0 8
1363 5 4
1278 1 6
1171 3 0
964 1 1
1731 4 7
1175 3 0
1037 10 8
1258 3 8
1336 5 7
1698 4 10
1142 4 7
1530 6 6
1339 7 2
520 8 1
992 9 4
1893 7 4
133 4 1
1955 4 5
885 5 6
253 4 7
850 2 4
647 5 3
1093 8 9
1328 6 8
1456 0 2
264 9 9
387 0 8
970 5 4
1125 7 2
1120 9 6
1287 2 9
159 10 8
1035 2 1
1564 4 2
637 2 1
644 10 9
1737 6 7
1035 5 5
1970 8 5
368 8 1
956 1 3
555 4 7
737 10 9
731 2 7
921 2 6
1873 5 5
947 3 6
280 3 10
166 5 8
1965 3 10
449 1 1
642 2 2
437 9 10
1865 5 10
688 8 4
1918 9 1
469 0 1
1685 1 1
462 2 4
1956 0 10
230 0 10
1005 3 0
1592 2 8
1102 1 5
469 10 10
1412 2 7
1949 6 8
1270 1 10
1696 1 2
816 10 7
1966 6 5
1393 10 2
786 9 1
1914 0 2
429 10 10
1120 1 3
945 2 0
1089 1 1
1757 5 0
1632 10 3
1201 6 1
920 0 4
1357 5 5
378 4 4
1335 4 3
1341 1 6
1488 7 2
234 6 1
727 7 3
465 4 3
1649 6 9
1378 10 1
344 2 0
100 6 10
1300 10 4
970 3 1
1032 7 2
249 8 10
249 3 2
1144 7 7
1015 3 1
115 3 7
1268 0 6
1092 9 2
1566 1 2
710 3 2
365 9 3
1407 5 1
431 7 2
1424 9 6
1241 2 10
153 8 6
1150 9 2
1301 8 6
1764 1 10
1074 9 9
392 9 10
955 5 2
480 7 6
1891 9 5
970 10 8
1054 6 10
260 6 3
670 6 7
281 4 1
728 0 8
521 5 3
1010 3 6
399 0 2
1554 7 0
332 8 0
1829 7 3
287 7 4
265 5 4
993 3 10
1827 9 10
368 4 1
807 1 8
1950 7 3
260 10 6
515 8 7
1029 8 6
1121 0 10
240 6 8
1413 5 8
1812 4 8
606 2 4
324 2 5
706 6 4
650 0 6
1060 2 3
1509 0 10
1361 7 4
936 9 0
1676 6 6
1194 1 9
1933 9 0
1658 8 9
1810 6 5
911 9 6
1350 1 4
1643 0 6
1662 6 4
230 0 7
1077 6 0
1477 4 1
1557 2 7
826 6 0
1996 0 6
1536 3 3
1994 5 0
553 5 9
1322 4 8
603 5 10
1211 2 7
1099 8 10
1576 10 3
367 3 3
1147 8 5
393 1 3
1549 3 8
1540 1 2
716 6 7
725 1 6
1508 0 10
1576 3 0
1565 1 9
1135 0 10
1472 9 6
1904 6 3
1223 5 1
1540 7 5
1402 1 10
188 0 8
1057 8 10
1506 0 9
983 7 5
1553 4 6
122 0 4
1796 7 10
1414 2 3
1550 2 7
244 6 9
1330 7 1
412 3 9
1924 3 8
760 6 2
427 4 10
361 4 7
1001 6 0
339 8 7
390 1 7
766 4 7
1209 7 8
633 5 2
591 0 3
1828 9 1
513 3 10
1575 1 0
1485 9 4
1889 6 10
573 3 3
503 3 0
875 3 8
251 2 4
321 6 6
1284 6 4
1469 4 7
581 0 6
1146 7 5
995 5 4
1581 4 1
838 10 2
936 4 0
1953 2 9
298 0 8
802 2 6
1225 9 8
804 8 0
1712 8 3
1006 9 1
1308 5 3
805 5 2
1743 6 0
338 9 6
188 8 5
1223 8 1
111 10 9
362 6 5
1499 1 10
1848 6 9
492 2 2
321 9 6
1802 10 1
493 6 6
149 1 8
1761 6 2
1992 2 6
1401 8 0
572 4 8
686 1 6
793 0 0
1741 8 1
1907 7 1
270 0 10
634 4 6
1509 9 2
358 1 6
1355 9 1
962 6 8
117 8 9
1296 3 8
911 0 10
404 8 2
1821 9 1
1139 1 3
1543 6 3
842 5 9
196 2 5
1123 4 6
846 2 5
1312 2 6
1291 9 5
1867 0 9
1858 4 3
1075 10 6
1127 9 10
1858 4 8
1264 3 8
1983 0 0
1417 0 7
1592 7 4
747 5 6
123 4 3
1847 3 9
463 7 9
1202 7 10
1938 1 4
1618 1 1
1088 7 5
1841 1 4
648 0 6
384 0 9
471 0 5
1110 6 9
1644 10 6
837 4 10
317 10 4
252 1 1
1464 2 7
1664 7 1
445 8 1
1697 7 6
1130 7 0
283 1 10
438 6 0
1255 0 0
1842 6 7
1097 2 3
1763 6 4
1474 0 1
1214 3 6
1735 3 0
1768 7 7
1659 4 8
1400 4 1
1550 5 1
1301 7 5
1161 1 7
1911 1 9
1969 0 10
1687 1 4
1418 5 5
849 9 5
1792 2 0
1545 6 4
1865 9 6
1643 7 10
149 7 9
1146 4 1
481 9 0
1024 6 3
1266 1 8
1522 10 9
1947 6 6
673 1 7
341 5 10
1140 1 6
1017 1 0
777 10 10
239 5 9
1526 7 2
296 10 4
1970 6 8
323 4 2
1046 2 6
706 7 6
1196 0 6
664 6 6
574 8 10
1492 5 5
636 5 3
1808 7 3
1313 9 5
1281 3 6
835 10 7
573 5 5
111 10 9
660 0 9
1404 10 6
104 7 9
1432 6 9
499 5 2
849 4 0
498 8 4
244 0 1
1231 6 3
763 8 5
401 10 10
101 8 0
1198 10 7
1814 5 0
1692 5 6
799 8 5
1272 7 5
353 0 10
244 3 10
648 3 4
1256 5 9
474 4 6
1773 3 9
739 10 10
971 1 6
665 10 1
1508 0 5
1392 2 8
1469 6 0
866 1 5
566 9 10
1805 5 0
712 4 10
1306 6 0
562 7 0
851 5 0
1065 9 5
760 9 5
1924 3 1
181 6 9
1904 1 6
1394 7 5
626 3 2
987 7 0
1267 1 7
536 1 4
947 3 6
1165 10 8
1772 6 8
470 1 5
1361 0 5
636 2 4
512 7 1
378 1 7
1235 2 6
1560 7 2
630 0 0
754 7 6
770 9 8
1448 3 9
1716 5 3
418 6 10
341 9 9
561 5 8
1746 8 5
502 7 5
1756 8 6
336 4 6
483 9 3
1485 4 0
712 9 3
267 4 1
756 8 3
1823 4 0
930 6 7
128 3 1
338 5 9
1931 1 10
733 9 9
1010 5 4
715 2 1
1989 8 0
1282 2 5
1802 2 2
560 6 4
324 0 10
1206 2 0
819 5 3
1383 9 8
1289 10 10
758 5 10
1787 3 8
904 10 9
1401 6 0
1854 5 3
1098 5 9
1251 2 5
1102 9 4
1781 1 6
1824 2 10
537 5 1
1978 10 8
1139 2 2
388 7 7
423 3 9
513 1 4
108 7 1
1807 5 8
1687 8 3
1048 4 1
123 9 2
1266 2 6
429 0 10
1244 3 6
1024 3 9
1130 0 2
329 9 5
806 8 4
401 7 8
1381 1 1
938 4 6
1079 6 7
1118 8 9
1477 1 0
193 6 0
669 5 10
837 10 4
1425 1 4
1463 9 8
322 5 0
674 6 5
379 7 5
1974 6 0
1570 3 8
102 4 8
1825 1 5
1317 2 2
820 4 7
1020 5 1
981 4 6
1916 1 7
1617 9 8
1972 1 5
722 6 4
1132 8 2
116 3 1
1550 2 4
1737 5 5
1435 10 0
1372 4 2
1430 1 9
1579 5 9
785 0 2
730 2 9
1441 0 7
552 4 1
1502 1 10
743 8 3
1050 6 10
350 9 7
664 1 0
1156 0 8
821 6 3
1714 7 9
1989 0 8
662 7 3
1577 3 0
457 4 5
1841 10 6
1444 10 7
1493 5 6
1316 4 6
377 7 6
1625 10 1
700 10 5
1945 6 5
620 2 9
1092 3 7
439 10 7
817 8 1
1588 10 0
473 6 3
1048 9 8
738 7 10
529 4 7
385 6 6
599 10 2
424 7 0
1959 5 0
1933 9 8
1672 1 2
916 5 3
995 3 6
1243 4 3
1341 6 3
1769 6 7
1473 9 6
1915 2 5
203 1 4
721 10 3
1291 0 8
1211 10 8
787 2 0
1553 1 10
1699 2 10
175 5 8
1714 2 1
1416 10 1
1169 6 7
1508 6 3
1960 4 5
469 3 6
1731 0 8
472 4 3
1705 5 4
296 2 3
839 5 9
1513 5 10
1740 5 0
840 8 4
1184 7 8
1902 10 7
218 9 0
600 6 6
1563 10 3
1281 10 9
1449 8 5
1166 6 7
1317 8 4
1113 8 0
645 8 9
1490 9 3
612 10 6
1297 3 9
901 7 10
1252 2 4
1342 0 5
1826 10 5
702 1 8
979 1 8
1002 6 3
966 6 3
1255 6 3
472 6 6
493 3 0
1353 2 1
268 6 6
106 10 1
1414 8 8
277 2 4
926 8 6
914 10 9
543 4 7
1496 8 2
425 10 1
914 1 2
1328 2 1
962 0 4
1131 3 7
416 4 3
463 6 2
1521 5 0
1786 6 10
198 5 2
1217 0 5
605 8 9
1277 1 0
1741 5 5
1610 6 0
1820 2 1
1277 9 2
1905 3 7
1207 10 0
1393 8 7
228 5 7
389 10 1
969 3 1
697 1 10
791 5 5
1719 9 5
951 2 0
1935 5 8
1081 2 5
1197 8 7
791 2 5
1363 9 10
1713 7 0
742 9 1
1004 6 0
1230 6 6
1987 7 7
172 6 2
521 2 8
1452 4 10
418 7 7
449 4 7
1011 8 8
1965 1 9
488 9 0
1634 3 4
1987 8 0
756 9 1
1064 4 9
724 1 0
1278 4 6
111 0 0
1741 2 0
1880 4 6
727 9 6
1849 0 4
1252 3 8
871 10 7
1572 5 7
1299 9 4
396 9 7
308 8 1
1274 1 8
255 6 10
571 0 6
167 9 1
1720 1 8
871 4 2
984 4 1
636 7 9
1965 7 8
1402 2 6
1060 9 2
1042 4 5
1176 8 9
1938 3 5
1258 8 6
165 4 0
666 7 0
496 0 1
429 1 6
1756 5 6
780 3 10
1544 10 3
1545 9 0
1027 9 1
206 10 6
224 7 1
541 2 2
509 7 6
1422 0 2
915 6 9
1641 9 0
1950 7 1
138 2 2
1134 7 5
803 9 1
1189 4 1
1817 9 7
1598 7 0
315 1 6
1222 2 7
651 7 5
378 2 7
1730 2 0
1083 3 0
771 3 5
416 5 2
618 2 9
1494 3 1
1532 1 5
304 8 10
1496 10 1
713 3 10
1466 2 3
1159 8 6
810 1 0
1329 0 5
1028 4 7
1060 5 10
830 0 7
790 10 0
1560 5 8
1157 5 4
165 6 3
770 5 8
1480 6 6
160 9 8
750 4 4
472 7 2
654 9 6
1328 9 4
1068 6 7
1790 8 8
817 3 8
323 6 10
507 5 9
1451 8 3
571 4 10
706 7 7
1085 2 5
1117 2 7
178 3 5
170 0 1
585 2 2
1078 3 7
142 2 7
262 1 4
1452 9 7
1457 4 3
496 0 1
1765 6 2
1818 0 2
1863 1 9
558 9 9
369 10 5
1592 8 1
831 10 6
1759 2 5
1799 0 10
1552 3 10
1392 5 4
794 9 2
926 4 8
555 9 0
986 1 6
1748 3 3
913 9 5
1546 4 3
976 3 8
1993 7 10
860 9 7
1186 8 2
457 10 9
103 6 9
1620 3 3
843 8 6
1678 3 0
936 8 4
1453 9 2
755 9 8
1122 6 5
765 10 10
728 5 5
1203 8 9
795 8 7
1829 9 9
1927 8 2
581 3 8
1894 3 9
1547 1 8
533 10 4
545 2 0
1851 9 6
103 6 7
394 10 1
1516 7 2
597 0 7
622 4 3
380 4 7
1370 9 7
1247 4 2
1459 1 8
1176 3 1
1603 10 10
1332 2 10
1350 1 2
822 8 1
1004 1 3
367 4 0
1458 3 1
898 7 9
885 10 7
419 9 0
1244 4 0
1172 5 4
672 8 0
318 8 4
1837 6 0
238 10 0
1742 0 8
1030 5 1
1146 7 1
966 3 2
712 6 1
1428 10 3
857 9 1
1678 6 6
1233 0 10
1311 8 0
602 6 8
1035 10 8
944 3 6
733 8 6
784 10 7
1528 9 2
768 9 5
859 5 10
1443 8 6
993 8 2
205 3 1
1420 4 8
1328 5 9
801 5 10
1910 9 7
353 9 10
208 8 7
1125 0 3
242 7 1
820 9 9
0 0 0
