500
(((()((())())((()))()()(((((())((()))((()(())))))))()()((((()(())()())(()()))))(()((((()))))(()()(((()())())))(()))()()(()(()))()(()())()(((((()))())()()((()))))((((())(()(()())(())()((()())))(()()(((()))())(()())((()())))()()(((()()))()())()(())(())(())()()()))))((((((()()()()()()(()()())())()()))))((((((((()()((((()()()()))(())()(())))))()()())))))))))((((((((()()(((())()))(())()()(()()))))))()()((()()(()(()()))(((((())()))))()))((())(((((((((((((((((()()())())))))))))))))(())()))(((()))))))))
6001
0
259
246
0
257
250
0
265
239
0
248
253
0
266
237
0
244
254
0
268
234
0
238
258
0
271
231
0
236
260
0
275
224
0
229
261
0
284
221
0
227
262
0
286
219
0
223
274
0
288
217
0
218
282
0
291
213
0
201
292
0
302
212
0
200
293
0
304
210
0
199
295
0
307
207
0
198
297
0
308
206
0
196
299
0
309
192
0
194
301
0
310
191
0
193
311
0
315
190
0
185
313
0
320
183
0
175
319
0
322
181
0
172
321
0
324
180
0
170
323
0
329
171
0
166
325
0
332
168
0
165
326
0
334
167
0
164
339
0
335
161
0
163
340
0
344
159
0
156
341
0
359
158
0
155
343
0
361
151
0
150
356
0
364
149
0
147
366
0
365
148
0
139
368
0
371
145
0
136
373
0
372
144
0
124
378
0
375
129
0
123
381
0
380
125
0
120
389
0
398
122
0
116
394
0
402
115
0
111
395
0
403
114
0
103
397
0
408
110
0
101
405
0
409
108
0
99
410
0
411
104
0
87
415
0
420
102
0
86
425
0
421
95
0
85
427
0
422
88
0
72
428
0
443
82
0
63
429
0
444
79
0
62
430
0
445
76
0
60
431
0
448
69
0
58
439
0
449
64
0
57
440
0
451
55
0
56
461
0
452
53
0
43
463
0
453
45
0
42
467
0
454
44
0
34
468
0
455
41
0
29
469
0
456
37
0
27
472
0
457
31
0
25
474
0
458
21
0
22
476
0
460
18
0
8
479
0
462
17
0
7
483
0
488
9
0
4
485
0
491
5
0
262
268
0
255
271
0
270
256
0
253
275
0
274
249
0
250
276
0
279
245
0
246
280
0
281
240
0
243
284
0
283
238
0
234
286
0
294
227
0
232
290
0
296
226
0
231
291
0
297
218
0
217
307
0
299
204
0
216
308
0
306
203
0
212
310
0
311
199
0
211
327
0
312
198
0
210
329
0
313
197
0
188
330
0
314
195
0
186
332
0
316
194
0
184
335
0
317
193
0
180
336
0
318
189
0
178
337
0
319
187
0
171
345
0
321
165
0
162
350
0
323
164
0
161
355
0
342
163
0
159
359
0
346
160
0
158
361
0
358
157
0
154
364
0
360
156
0
149
371
0
362
153
0
148
372
0
363
147
0
143
374
0
368
135
0
142
375
0
369
134
0
138
376
0
370
132
0
131
380
0
378
126
0
130
386
0
379
124
0
129
391
0
381
120
0
122
393
0
383
117
0
118
396
0
385
116
0
115
398
0
390
113
0
110
403
0
394
111
0
108
407
0
397
103
0
104
408
0
400
101
0
100
409
0
405
92
0
96
411
0
406
90
0
94
413
0
423
89
0
93
416
0
425
87
0
88
417
0
428
77
0
84
420
0
430
75
0
81
433
0
431
73
0
76
435
0
432
72
0
69
444
0
436
65
0
68
448
0
438
63
0
66
449
0
442
62
0
64
451
0
446
61
0
59
454
0
450
56
0
52
455
0
463
46
0
45
456
0
467
36
0
41
460
0
468
35
0
32
471
0
469
34
0
24
473
0
474
27
0
21
477
0
479
25
0
18
478
0
481
12
0
16
487
0
483
8
0
11
491
0
484
7
0
9
492
0
490
4
0
241
262
0
239
263
0
245
255
0
238
264
0
247
250
0
230
265
0
249
248
0
228
270
0
254
246
0
225
272
0
256
243
0
221
274
0
261
242
0
219
278
0
267
234
0
215
281
0
268
233
0
213
294
0
269
232
0
209
296
0
276
223
0
208
304
0
277
222
0
206
306
0
282
217
0
204
309
0
286
216
0
199
318
0
301
212
0
198
319
0
305
210
0
191
320
0
325
202
0
190
322
0
328
186
0
189
333
0
329
184
0
187
334
0
330
180
0
183
338
0
332
178
0
169
344
0
336
177
0
168
347
0
339
176
0
167
352
0
340
171
0
160
354
0
343
170
0
157
358
0
355
162
0
156
360
0
357
161
0
153
362
0
359
149
0
152
368
0
361
148
0
140
369
0
367
143
0
134
370
0
371
138
0
132
381
0
373
137
0
128
382
0
376
136
0
126
385
0
380
131
0
124
392
0
388
129
0
120
397
0
389
127
0
117
400
0
393
123
0
112
406
0
398
118
0
111
421
0
407
109
0
106
422
0
410
108
0
103
423
0
411
107
0
102
425
0
412
105
0
101
428
0
414
99
0
98
430
0
416
93
0
92
432
0
418
91
0
83
436
0
420
86
0
82
438
0
426
78
0
73
443
0
427
69
0
72
450
0
429
67
0
65
453
0
433
66
0
56
457
0
439
60
0
55
458
0
440
59
0
46
459
0
441
57
0
39
463
0
449
51
0
37
467
0
454
48
0
36
468
0
455
45
0
35
469
0
456
43
0
34
470
0
460
32
0
28
474
0
461
30
0
27
479
0
476
29
0
25
482
0
477
24
0
20
488
0
485
23
0
17
495
0
489
16
0
12
496
0
491
11
0
8
497
0
492
9
0
243
247
0
237
249
0
246
245
0
234
253
0
248
238
0
233
254
0
250
236
0
232
257
0
252
231
0
227
259
0
262
229
0
224
268
0
264
225
0
222
269
0
265
221
0
218
279
0
272
219
0
217
283
0
273
211
0
216
285
0
275
209
0
205
286
0
278
208
0
203
288
0
280
206
0
195
289
0
290
200
0
192
299
0
292
198
0
186
300
0
296
191
0
182
302
0
304
190
0
181
312
0
306
183
0
178
314
0
307
172
0
177
316
0
309
168
0
176
324
0
320
157
0
171
328
0
333
155
0
165
332
0
335
154
0
164
336
0
337
153
0
163
342
0
338
152
0
162
343
0
345
150
0
144
346
0
347
142
0
133
348
0
354
139
0
127
357
0
356
130
0
125
361
0
375
112
0
123
363
0
381
110
0
121
365
0
385
104
0
118
367
0
387
101
0
116
371
0
391
100
0
113
373
0
392
96
0
109
378
0
395
94
0
107
379
0
396
88
0
99
380
0
397
85
0
95
383
0
400
82
0
93
388
0
403
81
0
87
405
0
404
76
0
86
407
0
408
73
0
79
410
0
409
72
0
67
411
0
415
70
0
66
418
0
422
65
0
61
420
0
423
56
0
60
424
0
428
55
0
59
431
0
436
52
0
57
433
0
438
49
0
48
434
0
443
47
0
44
439
0
447
39
0
32
442
0
450
37
0
30
446
0
453
35
0
26
449
0
457
22
0
24
456
0
459
21
0
23
460
0
469
20
0
16
461
0
470
19
0
15
476
0
478
18
0
11
485
0
479
13
0
9
486
0
480
12
0
7
490
0
482
10
0
4
492
0
496
8
0
270
252
0
279
246
0
269
256
0
281
241
0
268
261
0
286
239
0
263
264
0
288
237
0
259
265
0
289
233
0
257
276
0
291
232
0
249
278
0
293
230
0
247
280
0
295
228
0
245
292
0
299
227
0
242
298
0
312
220
0
238
301
0
314
218
0
231
307
0
316
217
0
229
311
0
318
216
0
221
313
0
319
213
0
214
315
0
322
205
0
212
317
0
324
204
0
210
330
0
341
203
0
198
337
0
342
201
0
194
338
0
343
199
0
193
345
0
352
195
0
191
351
0
360
189
0
190
354
0
361
186
0
183
355
0
363
185
0
179
359
0
364
177
0
168
376
0
365
176
0
161
385
0
366
174
0
157
387
0
367
171
0
153
389
0
370
169
0
152
390
0
372
164
0
151
392
0
374
163
0
150
394
0
383
162
0
149
396
0
386
160
0
148
397
0
410
158
0
142
402
0
411
134
0
138
403
0
413
133
0
136
404
0
417
132
0
135
408
0
418
128
0
130
422
0
419
127
0
112
423
0
425
116
0
108
426
0
430
115
0
104
428
0
431
113
0
94
429
0
433
109
0
90
438
0
434
107
0
85
440
0
435
103
0
81
441
0
437
102
0
77
443
0
446
99
0
75
445
0
448
98
0
70
450
0
449
97
0
69
452
0
451
84
0
65
454
0
456
66
0
56
455
0
458
64
0
55
457
0
460
59
0
54
464
0
461
58
0
53
469
0
468
48
0
52
470
0
472
44
0
51
475
0
474
42
0
45
477
0
476
41
0
33
478
0
486
36
0
22
479
0
487
32
0
20
481
0
488
27
0
13
482
0
492
24
0
12
493
0
495
16
0
6
494
0
497
7
0
230
249
0
228
262
0
232
248
0
227
266
0
233
243
0
223
267
0
237
242
0
213
269
0
239
238
0
211
282
0
241
229
0
209
287
0
252
222
0
208
288
0
254
221
0
207
296
0
256
212
0
206
304
0
265
198
0
205
309
0
274
192
0
203
312
0
298
190
0
197
316
0
302
188
0
195
319
0
303
187
0
189
321
0
311
183
0
174
323
0
315
182
0
173
324
0
326
178
0
172
329
0
327
168
0
171
331
0
328
167
0
169
333
0
334
166
0
164
335
0
336
161
0
163
339
0
337
159
0
158
341
0
357
153
0
155
347
0
358
152
0
154
349
0
359
149
0
147
352
0
368
148
0
145
353
0
369
144
0
132
361
0
371
142
0
128
363
0
378
140
0
116
365
0
379
123
0
115
366
0
382
122
0
114
372
0
385
118
0
103
375
0
388
112
0
100
381
0
396
108
0
98
384
0
397
106
0
97
400
0
403
94
0
96
411
0
404
93
0
91
413
0
420
92
0
89
415
0
423
83
0
88
417
0
424
81
0
84
418
0
429
79
0
73
425
0
432
75
0
72
433
0
443
61
0
71
435
0
445
60
0
66
437
0
450
57
0
62
447
0
452
56
0
49
448
0
455
55
0
48
451
0
463
54
0
44
453
0
465
53
0
41
460
0
467
34
0
39
461
0
469
30
0
38
462
0
470
28
0
37
466
0
471
25
0
31
476
0
473
22
0
29
480
0
475
20
0
27
484
0
481
17
0
21
487
0
482
13
0
19
489
0
485
11
0
16
492
0
490
9
0
8
495
0
494
4
0
222
231
0
226
227
0
221
233
0
240
215
0
216
235
0
246
213
0
212
241
0
248
211
0
204
247
0
253
209
0
202
250
0
261
206
0
201
254
0
262
205
0
200
263
0
269
203
0
198
268
0
271
197
0
190
272
0
278
196
0
188
275
0
283
194
0
186
277
0
285
191
0
185
286
0
288
189
0
184
290
0
300
181
0
182
297
0
301
179
0
180
298
0
304
175
0
178
299
0
307
173
0
176
305
0
308
171
0
168
306
0
309
169
0
166
314
0
310
165
0
162
315
0
316
163
0
161
325
0
321
157
0
149
336
0
331
154
0
143
337
0
335
147
0
141
340
0
341
145
0
139
356
0
345
138
0
137
359
0
346
135
0
134
374
0
353
132
0
131
377
0
354
130
0
127
379
0
361
128
0
123
383
0
362
125
0
122
386
0
363
124
0
118
388
0
372
119
0
113
391
0
380
117
0
112
396
0
384
116
0
110
397
0
387
100
0
108
399
0
392
98
0
107
401
0
400
97
0
102
403
0
405
95
0
94
404
0
407
91
0
93
409
0
415
89
0
92
410
0
418
88
0
83
419
0
421
77
0
81
424
0
425
73
0
78
429
0
426
71
0
76
430
0
428
70
0
63
434
0
433
69
0
61
436
0
437
68
0
59
446
0
439
66
0
57
449
0
441
62
0
55
455
0
442
52
0
53
458
0
444
45
0
36
459
0
448
44
0
35
463
0
454
39
0
34
467
0
464
31
0
30
469
0
466
29
0
28
470
0
476
27
0
20
482
0
477
19
0
14
485
0
487
15
0
13
488
0
492
12
0
10
490
0
493
8
0
5
491
0
495
6
0
243
244
0
242
248
0
250
237
0
241
256
0
251
234
0
235
257
0
254
232
0
229
259
0
260
230
0
220
262
0
268
224
0
219
265
0
272
222
0
206
269
0
276
207
0
205
271
0
277
202
0
197
273
0
280
201
0
196
278
0
287
200
0
192
279
0
290
190
0
183
289
0
292
188
0
181
301
0
294
184
0
177
302
0
296
180
0
175
303
0
297
178
0
173
309
0
306
174
0
170
310
0
312
168
0
169
316
0
313
166
0
167
318
0
314
164
0
165
320
0
333
162
0
160
321
0
336
161
0
159
322
0
337
158
0
152
326
0
338
156
0
147
331
0
347
155
0
145
334
0
348
150
0
142
342
0
355
146
0
138
343
0
359
141
0
135
353
0
366
134
0
133
358
0
373
131
0
125
360
0
379
127
0
124
362
0
381
120
0
116
363
0
383
118
0
106
387
0
391
114
0
101
392
0
394
112
0
98
393
0
396
111
0
97
395
0
397
110
0
95
400
0
399
102
0
91
412
0
401
96
0
89
415
0
402
94
0
80
420
0
404
87
0
75
427
0
406
86
0
74
428
0
408
85
0
73
431
0
410
84
0
71
432
0
419
78
0
69
433
0
429
65
0
66
442
0
434
61
0
62
444
0
436
59
0
60
448
0
440
50
0
54
454
0
447
48
0
52
464
0
451
46
0
47
468
0
459
41
0
44
471
0
460
38
0
42
472
0
461
35
0
40
473
0
463
34
0
32
481
0
478
26
0
25
483
0
479
23
0
22
487
0
480
21
0
18
493
0
482
13
0
12
497
0
485
10
0
2
499
0
491
5
0
248
250
0
249
246
0
234
252
0
255
242
0
233
253
0
257
240
0
232
268
0
259
228
0
231
270
0
262
223
0
227
272
0
271
221
0
217
274
0
278
220
0
215
276
0
284
219
0
213
280
0
286
204
0
211
281
0
289
198
0
209
288
0
301
196
0
207
291
0
305
192
0
202
292
0
309
186
0
201
294
0
310
185
0
200
300
0
318
177
0
174
304
0
320
176
0
171
306
0
322
172
0
164
307
0
326
170
0
163
314
0
332
165
0
162
333
0
334
160
0
161
335
0
339
159
0
158
337
0
342
152
0
156
345
0
344
149
0
153
347
0
349
142
0
150
354
0
351
139
0
148
355
0
352
137
0
146
357
0
353
126
0
144
359
0
358
125
0
140
361
0
362
124
0
130
368
0
363
123
0
129
370
0
365
122
0
120
381
0
374
116
0
119
382
0
376
115
0
117
383
0
377
107
0
114
384
0
386
104
0
111
385
0
387
101
0
102
391
0
389
98
0
99
394
0
395
93
0
94
396
0
400
90
0
85
398
0
411
89
0
84
402
0
415
83
0
82
408
0
417
81
0
79
410
0
427
76
0
78
418
0
431
72
0
65
419
0
433
69
0
64
421
0
435
63
0
61
423
0
438
57
0
46
426
0
442
54
0
45
436
0
444
52
0
41
437
0
455
42
0
38
439
0
457
40
0
34
441
0
462
37
0
31
445
0
464
33
0
29
450
0
467
32
0
24
459
0
468
30
0
23
461
0
481
28
0
19
463
0
483
20
0
17
465
0
489
18
0
15
476
0
490
16
0
13
485
0
493
14
0
11
491
0
497
12
0
9
492
0
499
2
0
253
260
0
265
257
0
252
261
0
267
255
0
247
271
0
269
254
0
242
283
0
270
248
0
238
285
0
272
241
0
236
286
0
275
239
0
230
287
0
279
233
0
228
289
0
280
232
0
224
295
0
281
231
0
222
297
0
288
227
0
221
301
0
291
216
0
218
305
0
292
215
0
204
309
0
298
214
0
203
313
0
300
210
0
199
320
0
302
209
0
198
322
0
303
208
0
196
326
0
304
206
0
190
327
0
314
205
0
189
328
0
316
200
0
186
338
0
321
195
0
185
339
0
323
193
0
184
341
0
324
183
0
180
346
0
329
182
0
178
352
0
331
181
0
177
363
0
333
173
0
168
365
0
335
169
0
166
367
0
347
161
0
160
369
0
355
158
0
152
371
0
359
156
0
139
372
0
360
153
0
137
373
0
361
147
0
131
374
0
368
146
0
127
376
0
370
140
0
125
378
0
375
136
0
124
386
0
381
130
0
118
387
0
382
121
0
116
389
0
394
120
0
115
395
0
398
108
0
109
401
0
402
106
0
101
411
0
408
103
0
98
414
0
410
99
0
96
417
0
412
91
0
93
429
0
418
85
0
87
431
0
423
84
0
86
433
0
426
80
0
81
434
0
437
79
0
77
447
0
441
78
0
76
451
0
445
74
0
70
452
0
448
73
0
69
460
0
450
65
0
68
462
0
453
61
0
58
464
0
454
60
0
52
467
0
458
55
0
50
475
0
463
51
0
48
477
0
465
49
0
37
479
0
470
47
0
35
481
0
471
45
0
32
482
0
472
44
0
30
483
0
476
41
0
21
490
0
487
31
0
7
497
0
491
25
0
5
498
0
492
15
0
258
242
0
254
249
0
261
238
0
246
251
0
263
236
0
244
262
0
268
234
0
241
265
0
271
230
0
240
267
0
273
221
0
237
269
0
282
217
0
227
277
0
283
213
0
225
279
0
295
212
0
220
284
0
299
211
0
215
291
0
301
203
0
214
293
0
305
202
0
206
298
0
307
196
0
193
303
0
309
180
0
192
304
0
313
175
0
188
310
0
315
174
0
187
311
0
317
171
0
183
321
0
319
167
0
181
323
0
320
166
0
179
324
0
326
164
0
173
329
0
327
163
0
169
331
0
337
162
0
159
332
0
338
152
0
158
334
0
339
148
0
157
342
0
341
143
0
155
344
0
343
138
0
153
348
0
345
137
0
147
349
0
346
135
0
146
351
0
354
133
0
141
359
0
356
131
0
140
361
0
369
117
0
123
362
0
376
116
0
112
364
0
384
113
0
110
370
0
385
111
0
108
380
0
386
109
0
105
382
0
387
98
0
104
397
0
391
96
0
103
398
0
393
95
0
100
404
0
395
92
0
99
405
0
403
87
0
91
407
0
409
86
0
85
408
0
411
77
0
84
412
0
417
76
0
80
418
0
419
75
0
79
423
0
420
71
0
59
425
0
421
53
0
57
426
0
422
50
0
56
435
0
428
48
0
55
437
0
433
46
0
47
438
0
449
38
0
45
440
0
451
37
0
43
441
0
452
36
0
41
444
0
460
35
0
39
448
0
464
32
0
33
450
0
467
30
0
31
463
0
473
29
0
28
465
0
477
23
0
27
466
0
479
22
0
26
471
0
481
19
0
25
472
0
482
17
0
20
486
0
485
13
0
16
492
0
497
7
0
14
493
0
498
5
0
262
271
0
256
272
0
264
263
0
255
273
0
265
261
0
251
275
0
266
259
0
250
280
0
267
258
0
248
282
0
269
252
0
239
290
0
279
247
0
238
292
0
284
246
0
236
296
0
286
245
0
232
305
0
287
244
0
231
307
0
289
243
0
221
309
0
293
228
0
219
312
0
297
227
0
209
313
0
310
226
0
208
315
0
311
222
0
205
316
0
324
220
0
203
318
0
328
214
0
200
327
0
329
201
0
194
335
0
332
198
0
180
337
0
340
192
0
176
339
0
342
189
0
175
341
0
349
185
0
174
345
0
351
183
0
170
346
0
352
181
0
166
360
0
357
178
0
162
369
0
362
177
0
156
375
0
364
157
0
154
377
0
367
155
0
152
379
0
374
153
0
143
381
0
378
151
0
135
384
0
382
150
0
133
385
0
383
147
0
131
386
0
388
146
0
130
391
0
389
141
0
121
393
0
390
129
0
117
402
0
397
124
0
116
406
0
404
114
0
111
410
0
405
112
0
109
411
0
408
108
0
106
416
0
413
101
0
92
419
0
418
100
0
87
420
0
424
99
0
86
421
0
425
97
0
83
427
0
426
93
0
78
433
0
430
85
0
77
445
0
432
84
0
63
452
0
435
82
0
54
454
0
437
79
0
53
457
0
438
64
0
51
458
0
440
62
0
50
460
0
441
59
0
49
468
0
444
57
0
44
470
0
447
56
0
42
474
0
462
55
0
36
476
0
463
47
0
30
477
0
465
45
0
29
480
0
469
43
0
18
482
0
471
33
0
15
485
0
475
28
0
12
487
0
483
27
0
10
494
0
490
21
0
6
495
0
492
14
0
3
497
0
493
11
0
234
239
0
243
237
0
227
241
0
244
235
0
223
248
0
249
231
0
222
250
0
257
224
0
216
253
0
260
219
0
214
256
0
261
218
0
212
264
0
263
208
0
201
265
0
275
206
0
198
268
0
276
204
0
196
269
0
277
200
0
195
279
0
280
199
0
192
281
0
282
188
0
191
283
0
290
187
0
189
286
0
291
186
0
185
289
0
292
180
0
181
293
0
296
176
0
172
295
0
306
173
0
167
310
0
309
169
0
153
311
0
313
162
0
151
317
0
316
158
0
149
324
0
318
152
0
147
326
0
321
145
0
146
328
0
322
140
0
138
329
0
337
139
0
137
333
0
339
131
0
136
338
0
344
125
0
134
340
0
348
121
0
128
342
0
360
119
0
122
349
0
370
117
0
120
355
0
373
115
0
114
357
0
375
111
0
113
367
0
379
109
0
112
374
0
392
106
0
108
382
0
393
105
0
100
383
0
401
104
0
97
389
0
406
94
0
96
390
0
407
92
0
95
395
0
410
91
0
93
399
0
411
87
0
89
400
0
416
86
0
88
405
0
420
83
0
76
408
0
423
81
0
74
409
0
429
80
0
73
422
0
431
77
0
71
424
0
433
70
0
64
425
0
434
69
0
62
426
0
436
66
0
57
428
0
445
51
0
48
438
0
446
50
0
47
440
0
450
49
0
46
442
0
454
44
0
40
444
0
457
39
0
38
449
0
458
36
0
37
453
0
466
31
0
28
455
0
468
30
0
27
456
0
470
29
0
23
463
0
476
25
0
22
475
0
477
18
0
21
478
0
482
15
0
17
481
0
486
12
0
14
489
0
488
10
0
13
491
0
494
9
0
11
492
0
497
6
0
247
257
0
252
255
0
245
261
0
256
254
0
239
263
0
258
243
0
237
266
0
264
229
0
235
276
0
269
227
0
233
280
0
272
225
0
231
282
0
273
215
0
230
287
0
283
207
0
220
291
0
286
205
0
218
292
0
293
197
0
211
296
0
294
196
0
202
299
0
304
195
0
200
302
0
305
194
0
199
309
0
311
193
0
188
313
0
317
192
0
177
321
0
330
185
0
173
322
0
331
174
0
169
336
0
333
170
0
162
343
0
334
159
0
157
344
0
335
156
0
155
347
0
341
153
0
152
348
0
342
151
0
148
352
0
345
147
0
145
360
0
346
146
0
140
370
0
349
144
0
139
375
0
365
138
0
132
379
0
369
136
0
131
387
0
374
135
0
129
394
0
380
130
0
126
401
0
381
127
0
125
403
0
383
118
0
121
407
0
386
116
0
119
411
0
390
114
0
111
413
0
395
113
0
109
415
0
402
112
0
106
417
0
408
103
0
104
420
0
412
100
0
92
423
0
414
95
0
82
430
0
421
89
0
80
433
0
422
88
0
79
434
0
424
73
0
77
435
0
426
71
0
72
436
0
427
68
0
65
446
0
428
67
0
61
447
0
439
54
0
60
450
0
444
46
0
59
454
0
448
41
0
56
457
0
449
40
0
55
458
0
456
37
0
51
464
0
459
28
0
50
465
0
463
27
0
44
466
0
472
26
0
39
467
0
474
24
0
36
473
0
475
23
0
32
477
0
478
21
0
30
479
0
481
20
0
15
482
0
487
17
0
12
488
0
489
16
0
7
490
0
491
13
0
5
494
0
492
3
0
246
247
0
248
245
0
241
251
0
253
239
0
228
252
0
255
237
0
226
256
0
257
236
0
224
260
0
259
235
0
215
262
0
261
234
0
213
264
0
266
230
0
210
269
0
271
223
0
207
270
0
274
221
0
205
272
0
279
216
0
197
273
0
285
214
0
193
278
0
287
211
0
192
286
0
289
203
0
187
288
0
295
202
0
185
290
0
303
198
0
183
293
0
307
190
0
182
294
0
309
188
0
178
300
0
310
184
0
176
301
0
312
179
0
171
304
0
313
177
0
170
305
0
315
175
0
164
331
0
324
173
0
159
333
0
328
172
0
156
335
0
329
167
0
153
337
0
338
162
0
141
341
0
340
160
0
136
351
0
344
154
0
135
354
0
355
152
0
130
365
0
357
140
0
127
368
0
361
137
0
116
369
0
385
128
0
115
373
0
387
126
0
113
380
0
389
125
0
112
390
0
391
123
0
103
393
0
398
120
0
101
397
0
399
119
0
100
404
0
400
110
0
98
406
0
401
108
0
95
408
0
403
106
0
94
412
0
405
97
0
91
414
0
407
93
0
86
416
0
411
92
0
84
418
0
413
80
0
81
424
0
417
78
0
73
428
0
419
76
0
71
431
0
423
74
0
69
432
0
433
72
0
68
444
0
434
65
0
66
449
0
435
64
0
49
456
0
450
61
0
46
463
0
453
59
0
40
468
0
455
56
0
37
469
0
461
55
0
35
470
0
464
52
0
33
471
0
466
50
0
31
472
0
467
48
0
24
474
0
473
44
0
20
478
0
479
42
0
18
481
0
480
36
0
16
483
0
482
32
0
13
487
0
485
30
0
10
489
0
488
15
0
9
496
0
490
12
0
8
497
0
495
11
0
250
222
0
237
226
0
251
218
0
236
232
0
252
215
0
234
240
0
260
213
0
223
241
0
262
212
0
208
244
0
264
210
0
203
258
0
268
201
0
202
261
0
272
200
0
198
267
0
281
199
0
196
275
0
286
197
0
195
277
0
288
189
0
194
279
0
290
178
0
188
284
0
291
171
0
186
297
0
292
170
0
184
303
0
293
169
0
180
307
0
294
168
0
167
308
0
296
164
0
165
311
0
301
157
0
161
312
0
302
156
0
154
314
0
304
155
0
152
316
0
321
149
0
151
324
0
331
139
0
150
332
0
335
136
0
146
334
0
336
127
0
144
338
0
337
122
0
137
340
0
343
121
0
128
344
0
347
116
0
126
346
0
351
115
0
124
355
0
354
111
0
108
356
0
367
104
0
105
358
0
368
102
0
99
361
0
371
101
0
97
362
0
373
100
0
93
364
0
375
98
0
89
374
0
390
96
0
85
381
0
394
95
0
83
389
0
396
84
0
78
391
0
404
82
0
76
392
0
406
79
0
74
398
0
408
77
0
72
401
0
409
73
0
65
402
0
416
68
0
61
403
0
420
62
0
59
405
0
425
60
0
56
410
0
430
57
0
52
417
0
432
53
0
50
421
0
436
49
0
45
426
0
438
47
0
44
429
0
440
40
0
43
433
0
449
38
0
42
435
0
457
37
0
41
451
0
458
35
0
32
453
0
468
34
0
30
455
0
477
33
0
28
459
0
478
24
0
27
467
0
481
22
0
25
479
0
483
16
0
23
485
0
484
13
0
21
491
0
496
8
0
12
492
0
497
5
0
243
249
0
242
252
0
244
248
0
241
253
0
245
238
0
240
255
0
254
236
0
239
257
0
256
234
0
235
259
0
258
231
0
227
262
0
263
228
0
226
264
0
267
223
0
222
271
0
269
209
0
218
281
0
275
208
0
217
283
0
276
207
0
214
285
0
277
205
0
212
286
0
278
203
0
211
288
0
279
202
0
