1000
(((((()()()(((((()()())))((()()()(())()(()()())))()(())(((())())))))((()))))))(((()(()()(()()))(()((()((())((())))))))(())((()()))()()((())())((()())((()()()))(())())((()()()()(())(()())(())(())()()))()()(((())))()(()())(()((())))()()(())()((((()()()())((()((())))()()()()()))(()()))(((((()()()()((()(()(())))))((())()(())((()())))((((())())))()()(((()()())))()()()(()()))))((((())())(()()(()))())((((((((()()()()))())()(()))()()))))))(((((()(())()()())(((()()()))))((((()))((((((()()))))))()))))))((())()()()(()())()()((())()((())))(((())())(()(()())()))((()()()))((()()))(())((((()))))((()()()()(()())(((())))()(((((()()((()))))(()(()(())()))))(()))()((())))))((((((((()()())))))(((()(()))))(((()))()(()()))())()(((())()(())))()()()()((((((()((())()(()))(())(()(()))((()(()()(())((())))))(()()())((()()(())())))((()((())()))))))))((((()(((((((((())((()))()))))))()(()())((())())))(((()(())((()))()()(())(((()))())()(()))))))))(((())()()(())()))()()(())((()())(((())()))()()()((())))()()((()()))))))
10000
0
480
494
0
477
495
0
499
493
0
476
496
0
501
492
0
475
497
0
504
490
0
469
498
0
506
488
0
468
505
0
508
486
0
461
507
0
513
473
0
457
509
0
516
472
0
454
514
0
518
465
0
449
515
0
520
463
0
443
524
0
521
460
0
440
526
0
522
452
0
439
530
0
529
442
0
437
532
0
536
434
0
426
545
0
540
432
0
422
548
0
543
431
0
421
551
0
544
429
0
416
553
0
558
427
0
408
561
0
560
425
0
404
563
0
566
423
0
403
571
0
570
420
0
400
576
0
574
417
0
398
577
0
578
411
0
395
586
0
590
409
0
391
587
0
594
397
0
386
597
0
596
396
0
385
603
0
604
389
0
382
608
0
605
387
0
375
610
0
607
381
0
369
628
0
615
372
0
367
633
0
616
371
0
366
636
0
619
370
0
351
639
0
625
368
0
349
640
0
631
365
0
348
642
0
632
363
0
346
644
0
641
359
0
339
646
0
647
352
0
334
651
0
648
347
0
333
658
0
654
343
0
327
660
0
655
341
0
325
662
0
663
338
0
320
672
0
666
337
0
317
676
0
668
322
0
313
677
0
669
321
0
312
679
0
673
318
0
305
681
0
683
316
0
301
690
0
684
315
0
297
698
0
694
309
0
295
705
0
696
307
0
293
709
0
704
303
0
288
711
0
710
290
0
277
719
0
713
283
0
271
720
0
715
282
0
267
722
0
716
274
0
265
726
0
721
270
0
260
728
0
723
268
0
259
730
0
729
266
0
258
732
0
731
257
0
256
748
0
733
253
0
254
749
0
738
248
0
249
755
0
741
246
0
244
759
0
743
238
0
243
760
0
747
234
0
242
766
0
752
232
0
235
768
0
753
223
0
233
772
0
758
220
0
231
775
0
761
219
0
226
777
0
764
217
0
224
780
0
765
214
0
222
781
0
769
210
0
218
786
0
770
209
0
213
788
0
783
204
0
206
790
0
791
202
0
205
793
0
794
200
0
203
795
0
796
198
0
201
797
0
800
196
0
197
804
0
803
194
0
195
808
0
805
180
0
191
810
0
814
174
0
188
824
0
818
172
0
187
827
0
820
166
0
184
829
0
836
165
0
175
830
0
841
163
0
173
831
0
842
162
0
171
832
0
843
159
0
169
854
0
847
158
0
164
856
0
851
157
0
151
861
0
852
155
0
150
864
0
857
153
0
147
866
0
868
141
0
145
869
0
870
130
0
144
871
0
873
129
0
137
872
0
878
128
0
133
877
0
885
126
0
131
881
0
886
118
0
127
887
0
888
117
0
123
895
0
889
116
0
120
897
0
892
114
0
119
899
0
898
112
0
109
901
0
900
111
0
108
904
0
902
102
0
104
912
0
903
98
0
103
914
0
906
94
0
101
917
0
907
88
0
100
920
0
908
86
0
96
925
0
909
78
0
71
926
0
929
76
0
70
927
0
930
74
0
69
928
0
931
66
0
56
933
0
935
64
0
53
936
0
943
60
0
52
938
0
949
51
0
45
945
0
952
49
0
43
946
0
955
46
0
38
948
0
956
44
0
34
950
0
957
42
0
32
961
0
959
39
0
28
966
0
963
33
0
26
967
0
964
31
0
14
973
0
974
25
0
12
982
0
979
22
0
10
984
0
980
20
0
8
988
0
985
18
0
6
992
0
987
11
0
4
994
0
991
9
0
2
996
0
993
7
0
526
508
0
524
512
0
527
503
0
507
513
0
530
487
0
497
517
0
532
485
0
496
518
0
545
484
0
493
521
0
548
482
0
492
522
0
551
477
0
491
529
0
552
475
0
490
531
0
553
466
0
486
536
0
556
462
0
478
539
0
557
461
0
472
542
0
562
457
0
470
543
0
567
450
0
467
544
0
571
448
0
465
565
0
575
445
0
456
569
0
577
443
0
451
570
0
581
440
0
447
574
0
582
437
0
444
578
0
597
435
0
438
583
0
598
433
0
436
590
0
599
430
0
434
595
0
601
426
0
432
600
0
603
424
0
425
602
0
617
422
0
419
604
0
621
421
0
417
615
0
624
413
0
406
619
0
628
408
0
401
622
0
633
404
0
399
632
0
635
395
0
396
641
0
639
393
0
390
643
0
646
385
0
388
648
0
651
383
0
377
650
0
658
382
0
371
659
0
662
380
0
368
661
0
664
373
0
365
663
0
670
367
0
363
673
0
671
366
0
362
678
0
675
358
0
355
684
0
677
354
0
352
691
0
682
351
0
350
692
0
687
349
0
347
693
0
697
348
0
344
694
0
718
334
0
343
696
0
719
333
0
338
704
0
720
331
0
337
707
0
722
330
0
335
713
0
724
317
0
324
715
0
726
311
0
321
729
0
735
308
0
319
731
0
742
301
0
315
734
0
746
300
0
314
738
0
749
295
0
309
743
0
750
294
0
302
744
0
757
292
0
291
747
0
760
288
0
290
751
0
762
279
0
287
753
0
768
267
0
286
761
0
772
265
0
283
763
0
773
259
0
282
764
0
774
258
0
274
769
0
777
254
0
273
770
0
779
252
0
255
789
0
780
244
0
253
791
0
782
240
0
251
796
0
784
231
0
248
798
0
786
229
0
241
812
0
804
227
0
232
813
0
806
226
0
223
814
0
808
222
0
220
818
0
809
218
0
219
820
0
810
206
0
216
821
0
816
205
0
214
826
0
824
203
0
210
842
0
827
201
0
209
849
0
829
191
0
198
855
0
833
179
0
194
857
0
834
175
0
192
858
0
839
173
0
182
860
0
840
164
0
181
873
0
846
151
0
178
876
0
861
150
0
174
879
0
865
149
0
168
885
0
871
148
0
167
890
0
872
146
0
163
891
0
877
144
0
162
900
0
883
132
0
160
902
0
894
131
0
158
903
0
895
127
0
156
906
0
897
123
0
154
908
0
901
121
0
143
911
0
904
120
0
136
915
0
912
119
0
130
921
0
918
115
0
112
930
0
919
113
0
111
934
0
928
103
0
110
935
0
932
100
0
105
941
0
937
95
0
99
942
0
938
83
0
97
943
0
939
77
0
92
953
0
945
75
0
90
955
0
947
72
0
88
957
0
948
70
0
85
958
0
950
69
0
84
959
0
951
67
0
74
963
0
961
63
0
66
964
0
965
53
0
64
969
0
966
52
0
60
970
0
967
38
0
57
971
0
968
37
0
49
977
0
973
26
0
46
979
0
982
24
0
44
981
0
984
23
0
42
983
0
988
14
0
40
986
0
989
10
0
35
991
0
990
8
0
31
993
0
992
6
0
30
995
0
994
4
0
18
997
0
996
2
0
485
506
0
487
504
0
484
507
0
495
496
0
482
519
0
508
492
0
479
520
0
512
490
0
475
524
0
514
486
0
466
526
0
521
480
0
463
527
0
528
476
0
462
530
0
529
470
0
459
532
0
531
469
0
452
540
0
535
467
0
450
541
0
536
465
0
448
545
0
539
456
0
443
548
0
542
451
0
441
550
0
544
449
0
435
551
0
546
447
0
433
558
0
547
446
0
431
559
0
549
439
0
429
560
0
561
438
0
428
564
0
565
419
0
424
567
0
569
417
0
422
571
0
570
416
0
420
577
0
574
414
0
409
585
0
576
407
0
408
591
0
580
403
0
405
593
0
583
401
0
402
594
0
586
399
0
395
597
0
588
396
0
387
598
0
590
392
0
385
601
0
592
388
0
383
605
0
595
386
0
382
609
0
600
384
0
381
611
0
604
377
0
380
613
0
606
375
0
373
617
0
608
374
0
372
624
0
615
365
0
370
630
0
623
363
0
366
631
0
640
357
0
364
633
0
642
356
0
358
635
0
644
347
0
354
639
0
648
346
0
353
645
0
650
345
0
351
647
0
652
344
0
348
649
0
659
343
0
336
651
0
660
342
0
334
655
0
665
340
0
333
662
0
672
329
0
332
668
0
673
327
0
331
670
0
679
315
0
323
671
0
681
314
0
317
675
0
685
313
0
307
680
0
688
312
0
300
682
0
690
306
0
299
687
0
692
302
0
294
689
0
694
297
0
292
697
0
696
293
0
280
699
0
698
290
0
279
700
0
706
287
0
278
712
0
709
286
0
270
714
0
711
276
0
268
716
0
713
274
0
267
720
0
715
273
0
265
722
0
732
272
0
259
723
0
734
271
0
258
727
0
737
264
0
257
733
0
738
263
0
254
741
0
744
262
0
245
749
0
745
251
0
244
757
0
748
248
0
236
765
0
759
243
0
234
767
0
761
242
0
231
768
0
763
241
0
225
772
0
764
228
0
218
773
0
766
224
0
207
774
0
769
220
0
205
783
0
770
213
0
203
785
0
775
212
0
202
787
0
789
211
0
201
794
0
790
210
0
200
800
0
791
199
0
191
802
0
795
198
0
179
804
0
796
197
0
177
805
0
799
195
0
175
807
0
801
194
0
173
808
0
812
193
0
172
811
0
813
192
0
166
825
0
814
187
0
165
827
0
815
186
0
161
828
0
818
184
0
155
834
0
820
182
0
152
836
0
832
178
0
150
838
0
835
176
0
146
840
0
837
171
0
141
846
0
844
169
0
140
847
0
845
167
0
135
850
0
849
162
0
131
852
0
853
158
0
127
859
0
854
156
0
126
861
0
855
145
0
125
862
0
856
143
0
124
863
0
866
142
0
123
868
0
873
138
0
121
882
0
875
136
0
102
883
0
879
130
0
95
886
0
884
112
0
86
888
0
887
111
0
82
889
0
890
108
0
80
901
0
899
107
0
78
904
0
900
106
0
77
910
0
903
97
0
76
919
0
911
92
0
72
931
0
921
88
0
69
937
0
926
85
0
67
938
0
930
73
0
63
939
0
934
71
0
58
944
0
936
66
0
51
949
0
942
65
0
33
950
0
943
64
0
27
951
0
946
60
0
25
952
0
957
57
0
24
954
0
962
55
0
23
956
0
963
43
0
19
965
0
964
36
0
17
966
0
971
35
0
15
973
0
972
34
0
13
980
0
976
31
0
11
984
0
978
30
0
10
985
0
981
28
0
9
987
0
983
18
0
7
989
0
986
12
0
520
536
0
519
539
0
526
535
0
518
547
0
527
533
0
517
552
0
530
531
0
513
554
0
541
528
0
511
556
0
548
523
0
509
557
0
550
512
0
504
565
0
551
497
0
500
566
0
559
495
0
498
569
0
560
493
0
496
570
0
563
484
0
492
574
0
568
482
0
490
576
0
571
479
0
486
581
0
577
478
0
481
583
0
578
475
0
480
588
0
589
474
0
477
590
0
591
468
0
473
595
0
598
464
0
457
596
0
601
463
0
456
599
0
605
462
0
451
600
0
609
454
0
449
604
0
611
448
0
447
606
0
613
441
0
446
608
0
618
436
0
445
616
0
619
432
0
426
623
0
624
431
0
423
625
0
635
429
0
416
627
0
636
428
0
414
629
0
637
418
0
412
644
0
638
415
0
410
646
0
641
408
0
407
652
0
643
406
0
404
653
0
645
395
0
396
657
0
647
391
0
386
660
0
649
390
0
384
664
0
655
371
0
379
666
0
661
370
0
377
674
0
663
368
0
376
677
0
667
362
0
367
681
0
671
358
0
349
686
0
682
355
0
345
688
0
687
350
0
343
690
0
689
333
0
342
692
0
691
332
0
341
696
0
693
328
0
340
698
0
695
326
0
322
702
0
697
325
0
318
708
0
701
324
0
316
710
0
703
323
0
312
718
0
712
320
0
311
719
0
717
319
0
308
721
0
722
305
0
303
734
0
723
300
0
302
736
0
727
299
0
295
738
0
730
296
0
293
742
0
733
292
0
289
744
0
739
280
0
287
745
0
740
275
0
274
752
0
741
270
0
269
760
0
753
268
0
266
761
0
757
261
0
263
762
0
771
260
0
262
763
0
773
258
0
252
764
0
774
256
0
247
766
0
776
255
0
246
770
0
778
254
0
239
777
0
781
250
0
238
779
0
783
237
0
229
782
0
787
235
0
228
784
0
788
234
0
227
795
0
797
232
0
226
799
0
800
219
0
222
801
0
804
216
0
217
806
0
807
214
0
215
814
0
808
209
0
213
816
0
811
207
0
212
818
0
819
188
0
204
820
0
821
185
0
193
822
0
823
174
0
186
824
0
825
166
0
171
829
0
827
163
0
164
832
0
838
161
0
162
833
0
848
155
0
159
839
0
850
154
0
158
841
0
852
152
0
148
843
0
859
150
0
143
849
0
862
140
0
138
865
0
863
135
0
132
866
0
864
133
0
130
870
0
868
131
0
118
873
0
874
127
0
117
875
0
876
124
0
116
877
0
882
122
0
112
878
0
883
109
0
108
879
0
886
105
0
107
887
0
888
104
0
98
892
0
889
102
0
97
894
0
901
101
0
94
896
0
902
99
0
92
898
0
904
93
0
88
899
0
908
91
0
83
900
0
916
84
0
81
903
0
917
82
0
75
907
0
919
78
0
73
921
0
920
72
0
71
923
0
927
56
0
66
924
0
939
54
0
65
929
0
941
49
0
59
942
0
949
48
0
50
945
0
951
47
0
43
946
0
952
46
0
39
947
0
953
45
0
37
961
0
954
44
0
35
964
0
955
40
0
34
967
0
956
33
0
31
968
0
973
32
0
22
975
0
977
27
0
21
976
0
979
25
0
18
978
0
980
19
0
14
981
0
984
17
0
12
986
0
991
11
0
5
992
0
997
10
0
506
504
0
507
502
0
497
517
0
512
498
0
495
518
0
515
496
0
493
520
0
523
492
0
476
526
0
532
487
0
475
527
0
534
485
0
474
529
0
535
481
0
471
538
0
536
480
0
470
548
0
537
477
0
462
549
0
540
466
0
461
550
0
543
457
0
460
551
0
545
456
0
455
553
0
554
452
0
454
555
0
557
451
0
439
559
0
558
450
0
438
560
0
564
449
0
436
562
0
566
447
0
432
563
0
567
435
0
431
571
0
570
434
0
430
572
0
574
433
0
429
573
0
576
426
0
428
575
0
579
425
0
427
578
0
581
424
0
421
580
0
585
422
0
419
584
0
587
420
0
418
586
0
588
414
0
417
589
0
590
412
0
413
592
0
594
410
0
411
609
0
595
400
0
395
613
0
600
398
0
393
615
0
604
396
0
390
618
0
606
394
0
389
620
0
612
385
0
378
621
0
625
384
0
375
624
0
627
382
0
371
626
0
632
380
0
370
636
0
639
377
0
365
641
0
651
376
0
359
645
0
653
372
0
358
647
0
656
366
0
357
654
0
664
361
0
356
655
0
666
351
0
344
663
0
674
345
0
332
665
0
676
343
0
328
669
0
678
341
0
327
672
0
680
340
0
324
673
0
681
336
0
315
679
0
686
334
0
314
682
0
688
322
0
313
683
0
690
321
0
306
693
0
700
318
0
305
694
0
702
295
0
304
701
0
704
291
0
300
711
0
705
289
0
299
712
0
707
287
0
292
715
0
708
283
0
290
722
0
710
281
0
288
723
0
714
278
0
286
727
0
716
277
0
284
733
0
728
266
0
280
735
0
734
265
0
276
737
0
736
253
0
273
739
0
738
252
0
272
741
0
742
249
0
264
748
0
744
247
0
261
753
0
749
245
0
260
756
0
752
239
0
258
758
0
760
238
0
256
773
0
762
233
0
255
774
0
763
230
0
243
775
0
766
228
0
242
776
0
767
226
0
241
778
0
770
225
0
235
780
0
779
223
0
234
787
0
784
217
0
224
788
0
785
212
0
220
797
0
798
204
0
216
800
0
799
202
0
214
803
0
801
201
0
208
807
0
802
200
0
207
808
0
805
190
0
206
809
0
806
189
0
198
810
0
818
183
0
197
812
0
820
181
0
196
815
0
824
179
0
194
817
0
826
177
0
188
823
0
829
175
0
187
835
0
830
170
0
185
837
0
831
168
0
182
838
0
839
165
0
180
848
0
841
164
0
178
850
0
847
162
0
167
852
0
849
160
0
155
854
0
857
159
0
154
856
0
858
158
0
153
863
0
860
143
0
152
868
0
866
141
0
151
872
0
867
138
0
150
876
0
873
137
0
149
883
0
878
134
0
142
884
0
879
132
0
140
886
0
885
130
0
136
889
0
887
126
0
129
890
0
893
125
0
128
895
0
896
121
0
127
902
0
899
118
0
124
909
0
900
117
0
122
911
0
903
116
0
115
912
0
906
112
0
114
916
0
907
108
0
111
917
0
921
98
0
87
918
0
923
97
0
84
926
0
924
88
0
82
927
0
925
86
0
78
930
0
931
77
0
72
934
0
937
76
0
60
936
0
938
75
0
54
943
0
940
69
0
53
948
0
944
67
0
52
951
0
946
66
0
48
952
0
947
63
0
46
954
0
959
58
0
45
962
0
961
51
0
44
963
0
967
43
0
40
971
0
969
39
0
36
974
0
975
37
0
32
979
0
985
34
0
30
984
0
986
31
0
28
988
0
987
29
0
20
990
0
989
18
0
16
991
0
992
13
0
8
994
0
993
12
0
2
999
0
995
9
0
510
513
0
503
515
0
517
512
0
502
519
0
522
509
0
498
530
0
524
507
0
496
532
0
527
501
0
492
535
0
528
500
0
488
536
0
531
497
0
484
537
0
533
495
0
483
542
0
539
491
0
480
545
0
550
489
0
477
546
0
559
475
0
467
554
0
560
472
0
465
568
0
562
470
0
463
570
0
569
462
0
457
574
0
573
461
0
456
579
0
575
453
0
452
581
0
578
446
0
450
582
0
589
445
0
448
585
0
593
443
0
447
588
0
596
439
0
442
590
0
597
436
0
441
594
0
599
428
0
440
600
0
602
423
0
434
601
0
609
419
0
422
603
0
610
413
0
414
605
0
613
409
0
410
606
0
615
405
0
406
612
0
617
404
0
403
619
0
621
402
0
399
628
0
622
389
0
398
632
0
626
386
0
397
638
0
629
379
0
391
640
0
631
378
0
385
642
0
633
367
0
384
643
0
641
365
0
377
651
0
645
364
0
374
653
0
646
354
0
368
656
0
647
353
0
363
664
0
655
352
0
361
666
0
663
349
0
355
674
0
668
348
0
351
676
0
669
344
0
347
678
0
673
342
0
345
685
0
683
339
0
336
686
0
684
331
0
334
687
0
693
327
0
333
688
0
696
324
0
329
691
0
699
316
0
326
695
0
701
315
0
323
703
0
711
313
0
322
705
0
718
312
0
321
706
0
719
311
0
320
707
0
720
307
0
318
708
0
722
306
0
297
709
0
723
304
0
296
710
0
735
302
0
291
713
0
739
300
0
289
714
0
741
294
0
287
716
0
743
292
0
285
725
0
751
290
0
283
730
0
753
288
0
275
732
0
755
284
0
270
734
0
761
280
0
266
738
0
764
276
0
265
746
0
765
273
0
254
750
0
772
269
0
249
752
0
773
264
0
248
754
0
777
263
0
247
759
0
787
262
0
245
760
0
788
258
0
240
762
0
793
255
0
237
766
0
795
246
0
233
769
0
797
244
0
232
783
0
800
243
0
230
785
0
803
241
0
221
789
0
807
234
0
219
791
0
808
227
0
212
796
0
810
224
0
211
798
0
815
220
0
209
801
0
817
218
0
202
802
0
822
216
0
201
804
0
823
215
0
200
806
0
828
214
0
199
811
0
832
208
0
183
813
0
833
207
0
181
818
0
834
205
0
176
819
0
843
197
0
175
820
0
846
191
0
166
839
0
848
182
0
165
849
0
852
180
0
164
851
0
854
178
0
162
853
0
856
173
0
160
855
0
865
172
0
157
858
0
870
171
0
145
862
0
875
153
0
137
867
0
876
152
0
135
874
0
886
148
0
133
878
0
889
142
0
126
879
0
890
140
0
113
887
0
894
127
0
112
888
0
898
123
0
109
897
0
911
122
0
104
899
0
915
115
0
103
901
0
916
111
0
100
903
0
917
110
0
99
905
0
918
96
0
97
906
0
930
94
0
91
920
0
933
87
0
89
921
0
934
83
0
88
922
0
935
81
0
86
924
0
936
78
0
76
932
0
942
74
0
70
937
0
948
73
0
69
938
0
950
68
0
66
939
0
958
60
0
63
941
0
962
52
0
57
953
0
964
42
0
43
955
0
966
40
0
41
956
0
970
36
0
39
959
0
974
35
0
34
960
0
976
28
0
33
961
0
978
23
0
31
967
0
979
21
0
19
969
0
984
20
0
17
980
0
990
16
0
13
982
0
991
14
0
11
985
0
994
8
0
9
987
0
999
2
0
512
506
0
507
511
0
515
503
0
505
514
0
518
502
0
504
516
0
519
499
0
501
517
0
525
498
0
500
521
0
526
493
0
497
522
0
530
492
0
491
523
0
535
484
0
489
531
0
536
483
0
487
539
0
537
474
0
481
540
0
545
473
0
479
541
0
546
471
0
469
544
0
547
465
0
468
550
0
548
459
0
462
558
0
549
450
0
453
560
0
563
447
0
449
562
0
565
444
0
445
564
0
571
442
0
443
566
0
580
441
0
436
575
0
581
440
0
435
578
0
584
438
0
426
595
0
586
434
0
419
598
0
603
431
0
413
602
0
605
429
0
409
613
0
616
422
0
405
615
0
618
421
0
400
617
0
623
411
0
392
622
0
624
406
0
389
626
0
628
398
0
382
627
0
630
397
0
379
629
0
632
395
0
378
633
0
638
384
0
372
635
0
640
381
0
365
637
0
643
375
0
364
641
0
651
373
0
362
646
0
652
371
0
360
647
0
653
370
0
350
648
0
654
369
0
349
649
0
656
368
0
348
655
0
657
357
0
346
658
0
662
351
0
344
668
0
664
336
0
343
669
0
665
334
0
342
671
0
666
333
0
330
673
0
678
332
0
327
683
0
685
326
0
325
693
0
687
323
0
324
696
0
688
320
0
316
699
0
691
317
0
311
700
0
703
314
0
307
717
0
705
310
0
304
718
0
710
308
0
302
719
0
712
299
0
295
723
0
721
293
0
294
726
0
729
291
0
292
742
0
732
289
0
290
744
0
733
285
0
288
749
0
737
283
0
284
751
0
738
279
0
280
755
0
745
275
0
278
757
0
746
274
0
277
761
0
747
265
0
273
763
0
748
261
0
271
765
0
750
260
0
269
767
0
754
257
0
264
771
0
758
256
0
258
777
0
759
242
0
255
781
0
760
240
0
251
784
0
762
235
0
250
795
0
766
233
0
238
797
0
768
229
0
224
799
0
780
221
0
217
800
0
785
219
0
216
805
0
789
213
0
214
808
0
791
211
0
210
810
0
792
209
0
208
815
0
801
206
0
205
821
0
809
202
0
204
823
0
811
201
0
197
825
0
812
199
0
195
827
0
818
198
0
191
830
0
819
187
0
189
832
0
835
186
0
184
834
0
836
183
0
182
843
0
837
181
0
178
844
0
838
176
0
174
845
0
839
167
0
173
847
0
840
165
0
171
848
0
849
154
0
170
852
0
850
151
0
161
854
0
851
150
0
159
859
0
853
146
0
153
860
0
855
137
0
148
865
0
867
129
0
140
871
0
868
109
0
138
873
0
869
107
0
127
875
0
872
103
0
123
885
0
874
99
0
111
889
0
878
97
0
108
894
0
884
95
0
106
896
0
887
92
0
102
898
0
892
86
0
98
907
0
899
82
0
96
915
0
901
80
0
87
916
0
902
72
0
85
918
0
906
71
0
81
919
0
909
69
0
79
925
0
913
65
0
77
928
0
920
61
0
75
931
0
921
59
0
74
934
0
924
54
0
73
935
0
938
50
0
68
944
0
939
48
0
64
947
0
941
46
0
62
949
0
952
44
0
60
950
0
953
43
0
56
957
0
954
41
0
52
958
0
955
39
0
51
964
0
956
34
0
49
972
0
967
33
0
29
974
0
968
32
0
28
976
0
980
31
0
27
986
0
981
22
0
21
989
0
982
11
0
20
991
0
985
7
0
8
992
0
988
5
0
493
500
0
494
496
0
492
501
0
495
491
0
484
507
0
506
489
0
483
515
0
509
488
0
482
518
0
513
487
0
478
519
0
522
486
0
475
528
0
532
481
0
473
530
0
538
480
0
472
543
0
539
477
0
470
545
0
544
476
0
466
547
0
550
467
0
464
548
0
552
463
0
459
559
0
553
462
0
451
563
0
554
460
0
442
565
0
560
458
0
441
573
0
564
456
0
440
576
0
566
454
0
439
580
0
570
453
0
438
589
0
574
436
0
433
591
0
575
427
0
424
593
0
578
426
0
423
603
0
582
416
0
421
604
0
594
414
0
411
605
0
598
413
0
408
610
0
600
393
0
406
611
0
614
391
0
398
624
0
617
390
0
397
628
0
622
383
0
396
630
0
633
382
0
394
632
0
634
379
0
388
643
0
635
378
0
386
645
0
636
377
0
384
653
0
637
374
0
371
654
0
641
372
0
370
656
0
642
365
0
368
657
0
647
363
0
366
659
0
648
361
0
353
661
0
658
359
0
352
667
0
660
355
0
340
681
0
668
350
0
334
684
0
670
348
0
333
685
0
672
347
0
332
687
0
677
344
0
317
688
0
679
343
0
312
689
0
686
337
0
306
690
0
692
329
0
301
691
0
693
324
0
300
697
0
694
311
0
299
701
0
695
309
0
298
711
0
696
307
0
289
721
0
699
297
0
283
722
0
700
295
0
276
724
0
706
292
0
275
729
0
708
290
0
268
733
0
714
287
0
261
735
0
717
286
0
257
737
0
718
277
0
252
739
0
723
273
0
244
743
0
725
271
0
243
745
0
730
269
0
241
746
0
731
258
0
239
747
0
752
254
0
229
748
0
756
249
0
228
753
0
757
247
0
226
754
0
763
245
0
220
759
0
769
238
0
218
760
0
771
236
0
213
764
0
776
217
0
211
766
0
778
214
0
209
773
0
781
208
0
206
788
0
782
205
0
202
789
0
783
203
0
198
790
0
784
200
0
192
791
0
795
197
0
187
792
0
797
194
0
183
809
0
799
193
0
181
811
0
804
188
0
179
819
0
813
185
0
177
824
0
814
184
0
176
826
0
816
182
0
169
828
0
820
178
0
167
829
0
821
166
0
156
836
0
823
164
0
154
838
0
825
160
0
151
839
0
827
157
0
144
840
0
834
153
0
143
841
0
844
149
0
142
846
0
845
148
0
141
849
0
852
145
0
137
856
0
858
138
0
131
857
0
861
136
0
130
869
0
865
133
0
129
874
0
873
126
0
120
880
0
879
124
0
119
882
0
881
123
0
118
884
0
883
113
0
117
886
0
885
112
0
116
887
0
889
108
0
109
890
0
894
106
0
94
893
0
895
91
0
93
902
0
896
89
0
82
904
0
898
88
0
72
906
0
905
87
0
71
909
0
907
81
0
69
913
0
912
79
0
67
917
0
914
77
0
65
924
0
918
76
0
61
930
0
919
75
0
58
936
0
922
74
0
54
938
0
925
70
0
50
939
0
929
68
0
48
946
0
935
66
0
47
955
0
937
63
0
44
956
0
944
57
0
42
967
0
947
56
0
39
973
0
950
51
0
38
975
0
961
49
0
37
977
0
963
45
0
36
979
0
969
29
0
35
980
0
971
27
0
32
982
0
972
19
0
26
985
0
976
17
0
22
993
0
986
15
0
12
995
0
991
13
0
10
997
0
992
8
0
507
493
0
500
494
0
516
492
0
499
504
0
517
484
0
488
505
0
518
483
0
487
513
0
523
479
0
485
524
0
528
475
0
481
526
0
530
473
0
480
533
0
551
464
0
471
535
0
556
455
0
467
539
0
558
452
0
465
546
0
563
451
0
458
550
0
568
448
0
456
552
0
576
445
0
454
560
0
589
442
0
450
561
0
590
441
0
446
567
0
591
432
0
437
574
0
592
430
0
431
575
0
593
424
0
429
577
0
595
421
0
427
578
0
601
417
0
422
581
0
602
411
0
416
582
0
604
410
0
414
586
0
606
409
0
413
597
0
608
405
0
401
598
0
611
396
0
393
600
0
615
394
0
391
614
0
620
388
0
383
616
0
626
387
0
382
617
0
628
386
0
379
621
0
629
385
0
376
622
0
630
371
0
375
631
0
632
368
0
372
633
0
645
366
0
367
638
0
649
362
0
363
639
0
653
356
0
357
641
0
656
353
0
355
648
0
667
352
0
354
650
0
671
345
0
351
663
0
687
342
0
350
665
0
689
340
0
348
666
0
691
338
0
347
677
0
697
330
0
339
678
0
701
328
0
336
679
0
716
322
0
331
680
0
719
321
0
329
686
0
724
316
0
326
692
0
729
306
0
319
694
0
733
305
0
313
695
0
734
304
0
311
700
0
739
303
0
307
702
0
743
298
0
295
704
0
744
296
0
292
705
0
746
289
0
291
706
0
747
284
0
287
708
0
751
283
0
285
723
0
753
276
0
281
730
0
759
275
0
274
736
0
760
272
0
271
738
0
761
267
0
254
740
0
765
266
0
249
750
0
773
264
0
247
752
0
775
261
0
246
758
0
777
259
0
245
762
0
789
251
0
242
768
0
790
250
0
235
772
0
792
248
0
234
776
0
794
243
0
233
778
0
796
241
0
227
779
0
798
239
0
225
780
0
800
232
0
221
781
0
802
229
0
219
782
0
805
228
0
215
783
0
808
224
0
207
784
0
809
222
0
205
785
0
811
220
0
203
786
0
815
218
0
201
787
0
824
216
0
200
793
0
826
211
0
199
795
0
828
209
0
197
797
0
832
206
0
194
799
0
836
192
0
190
801
0
838
183
0
184
803
0
841
181
0
165
804
0
843
179
0
163
807
0
846
176
0
158
813
0
854
175
0
157
821
0
856
174
0
152
823
0
857
173
0
150
825
0
859
170
0
148
831
0
860
162
0
146
835
0
862
161
0
145
837
0
863
155
0
136
845
0
869
151
0
134
852
0
871
147
0
133
855
0
884
144
0
132
873
0
887
142
0
125
876
0
890
141
0
122
878
0
891
140
0
112
879
0
893
139
0
110
881
0
902
129
0
106
895
0
903
128
0
105
896
0
909
120
0
92
898
0
910
116
0
91
899
0
913
114
0
88
900
0
915
102
0
86
901
0
917
96
0
83
908
0
926
94
0
79
912
0
930
93
0
78
914
0
932
90
0
76
922
0
934
85
0
75
923
0
943
73
0
70
933
0
946
71
0
66
937
0
951
69
0
59
941
0
957
62
0
56
944
0
958
61
0
55
948
0
960
60
0
51
952
0
967
54
0
46
961
0
973
53
0
45
962
0
975
52
0
43
963
0
977
50
0
31
970
0
979
47
0
27
972
0
980
42
0
19
981
0
985
39
0
17
984
0
993
37
0
8
990
0
995
28
0
7
992
0
997
24
0
479
487
0
477
497
0
483
485
0
476
500
0
492
482
0
475
506
0
493
481
0
474
507
0
494
480
0
473
508
0
498
470
0
464
512
0
502
465
0
462
517
0
503
459
0
460
527
0
505
458
0
455
534
0
514
457
0
453
538
0
524
456
0
451
553
0
526
454
0
448
556
0
533
449
0
444
557
0
541
440
0
441
558
0
545
439
0
432
566
0
548
438
0
430
568
0
555
437
0
428
569
0
561
435
0
426
570
0
562
427
0
425
576
0
565
423
0
404
584
0
567
422
0
402
591
0
572
419
0
396
593
0
573
413
0
395
595
0
575
403
0
388
599
0
577
400
0
381
601
0
579
399
0
377
606
0
586
397
0
374
608
0
605
391
0
373
611
0
612
382
0
369
615
0
614
376
0
365
620
0
616
375
0
362
626
0
622
370
0
361
628
0
624
364
0
359
630
0
631
363
0
352
632
0
633
360
0
345
636
0
639
358
0
344
640
0
643
355
0
338
642
0
644
351
0
337
649
0
646
349
0
328
662
0
650
347
0
324
664
0
654
339
0
322
667
0
661
332
0
321
670
0
665
331
0
320
691
0
666
329
0
310
693
0
678
325
0
309
696
0
682
319
0
306
701
0
683
313
0
304
703
0
684
312
0
303
716
0
685
311
0
298
719
0
688
307
0
297
720
0
692
302
0
293
725
0
695
300
0
290
732
0
698
299
0
286
734
0
700
294
0
284
739
0
702
292
0
283
743
0
705
287
0
277
751
0
707
280
0
275
753
0
709
278
0
273
757
0
722
274
0
266
759
0
723
271
0
265
760
0
726
254
0
264
769
0
727
249
0
262
770
0
745
246
0
260
789
0
748
245
0
258
790
0
750
237
0
248
794
0
752
227
0
241
796
0
755
226
0
232
808
0
758
225
0
229
809
0
762
215
0
222
812
0
764
212
0
220
816
0
767
204
0
218
826
0
776
203
0
216
833
0
780
195
0
214
844
0
782
191
0
209
846
0
784
171
0
192
850
0
791
163
0
188
851
0
793
159
0
174
853
0
797
157
0
173
858
0
803
154
0
170
860
0
804
152
0
162
865
0
806
150
0
161
867
0
823
145
0
160
869
0
831
143
0
155
871
0
845
137
0
153
872
0
847
136
0
124
883
0
855
135
0
121
884
0
873
134
0
120
890
0
874
132
0
115
891
0
876
122
0
114
892
0
878
119
0
107
894
0
879
117
0
101
903
0
895
111
0
99
905
0
898
109
0
95
907
0
899
104
0
94
911
0
900
100
0
93
913
0
901
88
0
89
915
0
906
86
0
77
917
0
912
79
0
73
919
0
914
76
0
69
921
0
916
75
0
68
925
0
922
70
0
63
934
0
924
67
0
62
940
0
937
66
0
61
943
0
939
56
0
60
951
0
944
48
0
53
953
0
945
46
0
52
954
0
948
44
0
47
967
0
949
38
0
41
968
0
955
36
0
37
973
0
956
35
0
29
976
0
959
31
0
25
979
0
965
26
0
24
980
0
972
21
0
18
986
0
981
20
0
13
991
0
982
19
0
6
994
0
989
9
0
4
995
0
992
7
0
496
488
0
497
483
0
491
493
0
500
474
0
486
495
0
501
473
0
485
505
0
507
472
0
482
509
0
508
471
0
481
510
0
513
469
0
480
518
0
517
468
0
463
522
0
527
466
0
461
523
0
529
455
0
452
526
0
531
450
0
447
530
0
535
446
0
445
536
0
539
444
0
439
541
0
542
441
0
438
545
0
546
432
0
437
551
0
552
431
0
436
554
0
553
430
0
434
555
0
560
428
0
427
561
0
566
426
0
423
563
0
569
425
0
422
565
0
570
414
0
421
567
0
574
406
0
420
577
0
580
402
0
419
579
0
582
393
0
413
592
0
593
389
0
411
596
0
595
388
0
409
604
0
597
384
0
403
605
0
601
383
0
390
607
0
603
381
0
386
609
0
608
379
0
385
616
0
610
374
0
382
622
0
611
372
0
378
623
0
615
365
0
376
625
0
619
359
0
375
629
0
620
357
0
371
633
0
626
346
0
366
634
0
627
344
0
360
637
0
628
338
0
358
643
0
632
337
0
356
644
0
636
334
0
355
645
0
640
333
0
353
646
0
641
327
0
351
647
0
642
324
0
341
651
0
648
304
0
332
653
0
657
298
0
330
654
0
659
297
0
329
661
0
663
293
0
319
666
0
667
291
0
315
671
0
669
290
0
308
672
0
670
288
0
307
682
0
679
284
0
302
683
0
680
283
0
300
685
0
681
281
0
287
687
0
686
277
0
280
689
0
693
275
0
279
692
0
694
273
0
278
697
0
696
266
0
276
699
0
708
264
0
271
702
0
713
258
0
269
707
0
715
257
0
267
723
0
719
255
0
263
726
0
720
252
0
254
728
0
734
248
0
251
733
0
735
247
0
243
741
0
736
241
0
240
745
0
738
235
0
236
747
0
740
233
0
227
750
0
742
231
0
225
752
0
753
222
0
223
755
0
754
221
0
217
761
0
766
220
0
215
763
0
768
219
0
212
765
0
769
207
0
211
773
0
774
205
0
208
776
0
778
201
0
204
777
0
779
199
0
203
791
0
786
197
0
193
792
0
788
192
0
183
793
0
801
190
0
179
797
0
808
189
0
178
798
0
809
187
0
176
802
0
821
174
0
175
804
0
826
170
0
172
806
0
829
169
0
171
811
0
830
167
0
168
814
0
833
165
0
159
815
0
839
162
0
154
817
0
840
160
0
150
818
0
849
155
0
147
827
0
850
148
0
144
834
0
851
131
0
141
838
0
852
130
0
139
843
0
858
120
0
136
854
0
860
110
0
135
857
0
867
107
0
129
859
0
869
106
0
128
861
0
871
105
0
126
862
0
872
101
0
123
863
0
875
98
0
119
864
0
877
95
0
113
868
0
880
94
0
111
885
0
886
92
0
104
889
0
888
82
0
102
893
0
892
78
0
100
898
0
894
77
0
97
900
0
896
73
0
96
909
0
904
69
0
88
910
0
907
62
0
87
920
0
921
61
0
85
930
0
925
60
0
81
932
0
933
52
0
74
935
0
936
51
0
70
939
0
941
47
0
66
944
0
943
43
0
57
945
0
951
41
0
54
948
0
952
37
0
46
949
0
953
32
0
44
955
0
962
30
0
42
959
0
964
29
0
28
966
0
973
27
0
26
969
0
974
25
0
21
971
0
979
17
0
19
972
0
987
12
0
16
978
0
991
8
0
14
982
0
994
6
0
7
988
0
995
4
0
509
481
0
505
485
0
510
480
0
495
492
0
511
478
0
493
494
0
512
476
0
487
496
0
515
464
0
484
498
0
521
462
0
470
500
0
522
461
0
468
502
0
523
453
0
466
503
0
526
451
0
465
513
0
530
448
0
458
524
0
534
445
0
457
525
0
543
437
0
456
527
0
545
436
0
455
528
0
550
434
0
449
531
0
554
427
0
446
533
0
555
423
0
444
537
0
556
421
0
441
542
0
557
419
0
435
548
0
576
418
0
431
560
0
577
416
0
428
562
0
579
413
0
426
571
0
583
411
0
424
572
0
584
409
0
414
573
0
585
408
0
412
574
0
588
407
0
400
580
0
592
404
0
399
582
0
598
403
0
397
587
0
599
390
0
391
589
0
605
378
0
387
594
0
617
377
0
383
597
0
622
376
0
381
602
0
629
373
0
380
608
0
630
360
0
364
615
0
633
358
0
349
619
0
644
356
0
347
620
0
646
355
0
346
628
0
647
354
0
344
632
0
649
353
0
343
636
0
651
352
0
340
640
0
653
341
0
334
641
0
662
335
0
333
648
0
664
330
0
327
652
0
666
328
0
324
658
0
674
326
0
323
659
0
675
320
0
316
663
0
677
319
0
305
665
0
683
318
0
298
667
0
685
310
0
296
670
0
689
302
0
294
684
0
690
301
0
292
686
0
691
295
0
291
693
0
697
286
0
290
695
0
702
285
0
289
696
0
703
282
0
288
698
0
706
280
0
284
700
0
707
279
0
277
710
0
716
278
0
275
712
0
721
276
0
274
713
0
725
269
0
264
714
0
730
268
0
258
718
0
733
263
0
257
719
0
737
244
0
252
727
0
739
240
0
250
729
0
745
234
0
249
734
0
747
232
0
248
735
0
751
230
0
247
736
0
755
229
0
246
740
0
757
218
0
245
742
0
760
216
0
239
746
0
761
214
0
237
748
0
763
210
0
228
753
0
765
208
0
226
754
0
781
204
0
220
764
0
783
203
0
206
766
0
790
202
0
205
771
0
792
196
0
199
774
0
793
194
0
197
775
0
794
193
0
195
778
0
795
188
0
192
779
0
796
184
0
191
786
0
797
183
0
189
800
0
798
177
0
186
801
0
804
176
0
180
803
0
806
175
0
174
808
0
807
158
0
170
821
0
811
154
0
169
823
0
812
153
0
164
831
0
814
147
0
163
832
0
816
146
0
162
833
0
818
144
0
157
836
0
827
136
0
155
839
0
842
129
0
149
840
0
843
127
0
148
841
0
844
126
0
143
845
0
853
125
0
138
847
0
864
124
0
137
849
0
865
123
0
108
852
0
868
121
0
107
867
0
881
119
0
106
869
0
884
118
0
103
871
0
885
115
0
101
872
0
889
114
0
98
873
0
890
113
0
95
875
0
891
112
0
94
876
0
893
111
0
90
878
0
897
104
0
82
879
0
900
99
0
79
899
0
903
97
0
77
902
0
905
96
0
73
904
0
910
93
0
71
906
0
915
87
0
69
907
0
917
83
0
67
918
0
923
81
0
61
922
0
927
74
0
51
924
0
932
65
0
43
926
0
934
64
0
40
933
0
935
57
0
39
936
0
945
53
0
38
937
0
948
46
0
37
941
0
949
45
0
36
950
0
954
44
0
34
951
0
961
42
0
32
956
0
963
28
0
31
957
0
966
26
0
30
958
0
976
18
0
29
974
0
978
16
0
23
975
0
982
14
0
20
977
0
986
13
0
11
981
0
988
10
0
9
985
0
990
7
0
498
517
0
496
526
0
500
516
0
488
529
0
504
514
0
483
530
0
506
512
0
478
539
0
519
510
0
476
544
0
520
509
0
473
549
0
524
508
0
471
552
0
525
501
0
469
554
0
528
499
0
459
556
0
536
493
0
453
557
0
540
491
0
451
566
0
541
486
0
450
570
0
542
484
0
445
575
0
547
475
0
437
579
0
559
470
0
434
584
0
561
463
0
432
585
0
562
460
0
430
586
0
563
457
0
425
590
0
565
455
0
423
592
0
567
452
0
421
598
0
571
449
0
417
599
0
578
446
0
415
601
0
581
444
0
413
605
0
582
443
0
411
612
0
591
441
0
409
614
0
594
435
0
407
617
0
596
424
0
405
618
0
602
422
0
402
622
0
606
420
0
393
624
0
607
414
0
390
627
0
608
399
0
389
629
0
609
398
0
384
630
0
613
395
0
379
631
0
625
392
0
378
633
0
632
391
0
376
647
0
640
386
0
370
649
0
641
385
0
360
651
0
643
383
0
359
653
0
645
381
0
358
656
0
648
371
0
357
657
0
652
366
0
355
660
0
655
364
0
353
668
0
659
362
0
342
669
0
665
361
0
339
674
0
667
347
0
338
675
0
672
346
0
337
678
0
682
345
0
335
689
0
684
343
0
330
690
0
687
340
0
328
691
0
693
333
0
325
694
0
695
332
0
320
697
0
696
329
0
314
703
0
698
327
0
313
706
0
700
321
0
311
708
0
704
317
0
301
715
0
710
316
0
299
717
0
711
309
0
297
721
0
712
306
0
295
722
0
713
305
0
293
725
0
718
300
0
286
737
0
726
298
0
285
738
0
728
296
0
283
739
0
729
294
0
281
745
0
732
292
0
279
747
0
734
291
0
278
751
0
735
290
0
273
758
0
736
284
0
269
760
0
740
274
0
268
761
0
743
271
0
255
763
0
746
270
0
253
765
0
750
265
0
244
767
0
752
264
0
238
769
0
753
262
0
234
781
0
764
260
0
233
783
0
770
258
0
222
788
0
771
257
0
219
790
0
772
254
0
208
794
0
773
252
0
207
795
0
774
243
0
203
796
0
775
236
0
202
798
0
778
228
0
201
804
0
785
223
0
196
812
0
786
220
0
194
814
0
787
215
0
193
816
0
799
212
0
190
818
0
808
206
0
185
820
0
810
205
0
184
822
0
819
199
0
183
827
0
821
198
0
182
828
0
823
197
0
176
842
0
825
195
0
167
850
0
835
192
0
153
858
0
838
191
0
152
866
0
839
189
0
146
868
0
840
179
0
145
870
0
841
178
0
142
880
0
845
174
0
132
884
0
849
172
0
131
885
0
852
170
0
124
887
0
854
169
0
123
892
0
857
156
0
122
893
0
867
149
0
121
895
0
869
143
0
120
897
0
872
138
0
119
900
0
875
133
0
113
901
0
876
128
0
111
910
0
898
107
0
104
912
0
899
103
0
99
914
0
907
98
0
96
917
0
908
95
0
93
921
0
909
94
0
87
923
0
913
90
0
86
925
0
918
84
0
83
932
0
919
82
0
78
935
0
926
79
0
75
943
0
928
77
0
60
945
0
930
72
0
56
946
0
936
71
0
53
952
0
937
67
0
50
953
0
938
66
0
49
954
0
941
63
0
48
961
0
944
58
0
47
962
0
955
55
0
45
965
0
957
51
0
35
973
0
958
40
0
33
976
0
959
39
0
18
978
0
968
38
0
17
979
0
969
22
0
15
983
0
970
21
0
13
986
0
984
20
0
7
988
0
985
11
0
502
498
0
503
496
0
491
500
0
508
495
0
486
506
0
509
487
0
485
507
0
514
483
0
480
511
0
517
478
0
470
515
0
518
477
0
464
520
0
526
473
0
463
522
0
527
458
0
462
524
0
530
456
0
461
528
0
533
439
0
460
534
0
537
434
0
449
535
0
539
433
0
444
540
0
544
431
0
443
542
0
548
429
0
441
543
0
549
426
0
440
550
0
556
425
0
424
555
0
557
423
0
420
559
0
566
417
0
418
562
0
568
415
0
416
563
0
575
413
0
414
564
0
579
409
0
408
576
0
580
405
0
404
578
0
586
402
0
399
583
0
587
397
0
395
588
0
589
396
0
391
591
0
590
393
0
385
593
0
592
390
0
383
594
0
597
389
0
381
595
0
598
384
0
374
602
0
604
379
0
371
607
0
605
378
0
368
608
0
615
375
0
366
609
0
617
370
0
365
610
0
620
360
0
364
611
0
621
355
0
